9.320050e-01 2.085739e-01 8.320053e-01 -1.256367e+00 -7.891687e-01 -3.794994e-03 4.843776e-04 8.197161e-03 
1.042170e+00 1.656858e-01 9.840641e-01 -1.325376e+00 -8.212033e-01 -2.641653e-03 4.281211e-04 8.291503e-03 
1.032174e+00 1.422625e-01 8.113333e-01 -1.314443e+00 -8.056143e-01 -3.475635e-03 5.435350e-04 9.315210e-03 
1.042466e+00 1.788261e-01 9.116044e-01 -1.332221e+00 -8.112645e-01 -2.113999e-03 2.183532e-04 4.591048e-03 
9.688509e-01 1.766226e-01 9.542010e-01 -1.280774e+00 -8.164803e-01 -3.462692e-03 5.046886e-04 9.256455e-03 
9.972659e-01 1.812746e-01 6.706277e-01 -1.316183e+00 -7.611412e-01 -2.824996e-03 2.662849e-04 6.008646e-03 
9.687968e-01 1.712714e-01 8.298284e-01 -1.338416e+00 -7.890526e-01 -3.297663e-03 5.487604e-04 1.141355e-02 
1.047442e+00 1.554298e-01 9.941120e-01 -1.286452e+00 -7.995859e-01 -2.851694e-03 3.051072e-04 8.685927e-03 
1.058637e+00 1.477296e-01 1.045941e+00 -1.353898e+00 -8.131208e-01 -2.887877e-03 3.745939e-04 7.762730e-03 
1.128510e+00 1.079634e-01 8.161729e-01 -1.419356e+00 -7.910995e-01 -2.733315e-03 3.833782e-04 1.351357e-02 
1.065024e+00 1.362295e-01 9.986504e-01 -1.308082e+00 -8.468845e-01 -2.700983e-03 2.192074e-04 1.067507e-02 
1.064965e+00 1.559664e-01 1.051202e+00 -1.290725e+00 -8.171969e-01 -3.177261e-03 5.679054e-04 5.841577e-03 
1.002397e+00 1.645568e-01 7.980835e-01 -1.312807e+00 -8.069194e-01 -3.307914e-03 4.599238e-04 9.264740e-03 
1.036782e+00 1.378148e-01 9.402722e-01 -1.316347e+00 -8.128277e-01 -3.158876e-03 3.652235e-04 6.409371e-03 
9.390209e-01 2.370319e-01 1.126082e+00 -1.309600e+00 -8.362869e-01 -2.808512e-03 3.449027e-04 9.625022e-03 
1.040044e+00 1.653265e-01 1.037495e+00 -1.332122e+00 -8.011587e-01 -2.813112e-03 2.854918e-04 8.583121e-03 
1.156134e+00 7.951372e-02 8.484449e-01 -1.323921e+00 -8.122048e-01 -2.777785e-03 4.233203e-04 7.540411e-03 
9.693694e-01 1.785662e-01 9.379348e-01 -1.301996e+00 -8.044183e-01 -3.678377e-03 4.536542e-04 9.821460e-03 
1.062671e+00 1.611622e-01 9.872604e-01 -1.333408e+00 -8.218044e-01 -2.406904e-03 2.442089e-04 6.436217e-03 
1.001558e+00 1.633041e-01 7.548995e-01 -1.331528e+00 -7.845743e-01 -3.048417e-03 2.208752e-04 8.645915e-03 
1.013062e+00 1.744317e-01 1.004227e+00 -1.327209e+00 -8.093524e-01 -2.747935e-03 2.358181e-04 7.113081e-03 
1.046469e+00 9.234507e-02 6.244551e-01 -1.362329e+00 -7.848830e-01 -3.929649e-03 3.814299e-04 1.614350e-02 
1.017868e+00 1.748319e-01 1.073614e+00 -1.275878e+00 -8.288423e-01 -3.019396e-03 4.984704e-04 8.829855e-03 
1.002017e+00 1.779580e-01 7.695035e-01 -1.333288e+00 -8.015194e-01 -3.744771e-03 3.022537e-04 9.793625e-03 
1.097274e+00 1.107200e-01 9.932736e-01 -1.328824e+00 -8.421239e-01 -2.993521e-03 4.033410e-04 6.423338e-03 
1.223105e+00 5.066757e-02 9.591175e-01 -1.399210e+00 -8.329410e-01 -2.069398e-03 1.601210e-04 9.022962e-03 
1.055798e+00 1.565190e-01 9.452642e-01 -1.351800e+00 -8.254914e-01 -2.738446e-03 5.026327e-04 5.761088e-03 
1.025305e+00 1.607754e-01 9.827568e-01 -1.322650e+00 -8.160428e-01 -3.288100e-03 4.589928e-04 6.481185e-03 
1.084658e+00 1.185822e-01 9.316718e-01 -1.277224e+00 -8.300332e-01 -2.240505e-03 1.620948e-04 5.901840e-03 
1.008666e+00 1.598360e-01 9.521938e-01 -1.326274e+00 -8.130622e-01 -2.877840e-03 2.986791e-04 7.660806e-03 
9.757744e-01 2.034738e-01 9.547886e-01 -1.314053e+00 -7.928528e-01 -4.183589e-03 4.412456e-04 8.503214e-03 
9.577500e-01 1.971796e-01 7.166366e-01 -1.338010e+00 -7.721925e-01 -3.916861e-03 5.502979e-04 5.700474e-03 
9.981184e-01 1.684805e-01 9.457132e-01 -1.304168e+00 -8.066344e-01 -3.106095e-03 5.591852e-04 9.903864e-03 
1.107376e+00 9.494906e-02 5.882601e-01 -1.390760e+00 -7.828096e-01 -3.597154e-03 4.622297e-04 1.013402e-02 
9.781904e-01 1.756411e-01 8.358286e-01 -1.272804e+00 -7.902392e-01 -4.071269e-03 5.050455e-04 1.011812e-02 
1.013880e+00 1.865851e-01 1.206243e+00 -1.299243e+00 -8.678015e-01 -2.912234e-03 2.199307e-04 9.381742e-03 
9.969943e-01 1.584851e-01 1.076035e+00 -1.252147e+00 -8.425447e-01 -3.470989e-03 6.067700e-04 9.434175e-03 
1.006072e+00 1.694845e-01 1.060910e+00 -1.255969e+00 -8.368438e-01 -2.290421e-03 2.154474e-04 7.246427e-03 
1.095003e+00 1.027993e-01 1.027913e+00 -1.300874e+00 -8.323774e-01 -2.701152e-03 2.891708e-04 8.096598e-03 
1.033283e+00 1.510895e-01 8.436047e-01 -1.371044e+00 -7.913165e-01 -3.936938e-03 5.950431e-04 1.082317e-02 
1.084947e+00 1.322360e-01 1.021218e+00 -1.332341e+00 -8.298938e-01 -2.487101e-03 1.300688e-04 7.485057e-03 
9.741810e-01 2.183694e-01 7.173800e-01 -1.323764e+00 -7.672413e-01 -3.263362e-03 5.066417e-04 6.508377e-03 
9.981455e-01 1.721899e-01 1.110642e+00 -1.270155e+00 -8.288243e-01 -2.981476e-03 3.564143e-04 7.556188e-03 
9.782858e-01 2.250092e-01 1.142748e+00 -1.291406e+00 -8.067663e-01 -2.826697e-03 2.303633e-04 6.893321e-03 
9.996477e-01 1.798582e-01 8.233936e-01 -1.315469e+00 -7.965051e-01 -2.501578e-03 1.879446e-04 5.900220e-03 
1.026181e+00 1.614847e-01 1.015793e+00 -1.329728e+00 -8.225399e-01 -3.041984e-03 5.502506e-04 7.424641e-03 
1.149120e+00 1.046068e-01 1.184586e+00 -1.288851e+00 -8.601939e-01 -2.169881e-03 2.726939e-04 7.002432e-03 
9.599779e-01 2.035908e-01 9.652472e-01 -1.277526e+00 -8.118992e-01 -3.599042e-03 5.645609e-04 7.562889e-03 
1.095856e+00 1.501378e-01 1.134005e+00 -1.274840e+00 -8.377487e-01 -1.941950e-03 8.438361e-05 5.961329e-03 
9.790622e-01 1.796577e-01 7.399252e-01 -1.327928e+00 -8.003660e-01 -3.399243e-03 3.665664e-04 6.909954e-03 
1.039372e+00 1.781091e-01 1.031943e+00 -1.288838e+00 -8.082688e-01 -2.853174e-03 3.129596e-04 7.140526e-03 
9.089080e-01 2.179935e-01 1.005461e+00 -1.259330e+00 -8.127065e-01 -3.700895e-03 4.755015e-04 8.494450e-03 
9.671786e-01 1.970855e-01 1.114458e+00 -1.250804e+00 -8.393913e-01 -2.971043e-03 5.585813e-04 9.089762e-03 
1.063271e+00 1.423200e-01 1.083982e+00 -1.348681e+00 -8.298800e-01 -3.166591e-03 5.060588e-04 8.501239e-03 
1.006425e+00 1.715295e-01 9.172025e-01 -1.263735e+00 -8.073247e-01 -3.199427e-03 3.511430e-04 5.545766e-03 
1.040680e+00 1.770421e-01 1.027591e+00 -1.239178e+00 -8.401142e-01 -2.856584e-03 3.477745e-04 8.265927e-03 
1.001581e+00 1.929926e-01 1.097834e+00 -1.322708e+00 -8.209974e-01 -3.016174e-03 4.791631e-04 7.896634e-03 
1.060847e+00 1.590129e-01 1.095821e+00 -1.280344e+00 -8.330933e-01 -2.233667e-03 2.141896e-04 9.213562e-03 
9.871478e-01 1.850423e-01 8.479066e-01 -1.357047e+00 -7.868068e-01 -3.492629e-03 6.736950e-04 7.304487e-03 
1.083919e+00 1.205982e-01 1.110693e+00 -1.300463e+00 -8.485313e-01 -2.529068e-03 3.136811e-04 9.085458e-03 
1.051401e+00 1.927219e-01 1.103196e+00 -1.351703e+00 -8.305803e-01 -2.497574e-03 4.490146e-04 7.370933e-03 
1.060462e+00 1.310933e-01 9.868792e-01 -1.341822e+00 -8.191801e-01 -3.150816e-03 7.218184e-04 1.112427e-02 
9.568489e-01 2.041014e-01 1.039100e+00 -1.313635e+00 -8.224603e-01 -3.425331e-03 6.162959e-04 8.880451e-03 
1.046337e+00 1.702131e-01 9.993247e-01 -1.344389e+00 -8.185447e-01 -2.963603e-03 5.077166e-04 6.057929e-03 
1.130560e+00 9.045321e-02 8.019555e-01 -1.402566e+00 -8.138397e-01 -3.524571e-03 3.492840e-04 1.363721e-02 
1.017647e+00 1.724404e-01 9.390726e-01 -1.303162e+00 -8.012638e-01 -2.874415e-03 4.138007e-04 7.375155e-03 
1.066370e+00 1.417965e-01 9.399134e-01 -1.293016e+00 -8.209477e-01 -2.730372e-03 3.801979e-04 6.670138e-03 
9.234491e-01 1.959876e-01 8.195341e-01 -1.249419e+00 -8.144226e-01 -3.535407e-03 2.761201e-04 1.037729e-02 
1.008138e+00 1.746718e-01 8.944759e-01 -1.265869e+00 -8.011950e-01 -3.126344e-03 3.621305e-04 9.322793e-03 
1.039406e+00 1.570407e-01 1.102942e+00 -1.308142e+00 -8.461885e-01 -2.840157e-03 4.760039e-04 7.764475e-03 
9.851785e-01 1.892401e-01 8.167896e-01 -1.312389e+00 -8.180218e-01 -3.058082e-03 3.842990e-04 7.740540e-03 
9.441887e-01 2.513987e-01 8.845549e-01 -1.297681e+00 -7.811813e-01 -3.434709e-03 3.495611e-04 8.922947e-03 
1.117696e+00 1.256394e-01 1.228277e+00 -1.303500e+00 -8.526677e-01 -2.334271e-03 1.780908e-04 1.120779e-02 
9.789704e-01 1.960607e-01 9.803889e-01 -1.339140e+00 -8.278748e-01 -2.522323e-03 1.855148e-04 9.243022e-03 
1.002485e+00 1.481427e-01 9.716433e-01 -1.292935e+00 -8.300772e-01 -2.516587e-03 2.325170e-04 9.589610e-03 
9.667856e-01 2.019078e-01 7.935810e-01 -1.331357e+00 -7.945970e-01 -3.466632e-03 4.833664e-04 8.865648e-03 
1.051598e+00 1.753851e-01 9.683301e-01 -1.279891e+00 -8.262226e-01 -1.778834e-03 5.149528e-05 5.895530e-03 
1.057129e+00 1.482812e-01 9.868332e-01 -1.354171e+00 -8.518762e-01 -2.263021e-03 3.311285e-04 1.242959e-02 
9.947857e-01 1.711905e-01 8.546438e-01 -1.282174e+00 -8.117235e-01 -3.114079e-03 2.019260e-04 8.019978e-03 
1.085329e+00 1.138228e-01 1.008463e+00 -1.321587e+00 -8.173039e-01 -3.001813e-03 3.323773e-04 7.679861e-03 
1.070642e+00 1.363862e-01 1.126113e+00 -1.338046e+00 -8.101887e-01 -2.682331e-03 1.563607e-04 5.710253e-03 
1.122772e+00 8.375409e-02 9.065850e-01 -1.306143e+00 -8.129875e-01 -2.672982e-03 7.003352e-05 1.169929e-02 
1.037786e+00 1.649190e-01 1.013935e+00 -1.290041e+00 -8.143092e-01 -2.613230e-03 2.404458e-04 7.063515e-03 
9.201890e-01 1.950507e-01 8.293886e-01 -1.280391e+00 -7.914984e-01 -4.022796e-03 4.144846e-04 8.878534e-03 
1.103661e+00 1.373440e-01 9.678141e-01 -1.361143e+00 -8.009419e-01 -2.848171e-03 2.022633e-04 4.463844e-03 
1.035295e+00 1.684614e-01 9.023551e-01 -1.296663e+00 -8.192982e-01 -2.712358e-03 2.264168e-04 1.001761e-02 
1.049685e+00 1.678983e-01 8.714710e-01 -1.301406e+00 -8.167134e-01 -2.676728e-03 3.370060e-04 5.831345e-03 
1.051524e+00 1.512227e-01 9.829886e-01 -1.314454e+00 -8.388878e-01 -3.195664e-03 5.815835e-04 8.601877e-03 
1.130872e+00 1.104000e-01 1.000776e+00 -1.358182e+00 -8.193525e-01 -2.247381e-03 4.189972e-04 4.528310e-03 
1.009318e+00 1.692061e-01 7.323278e-01 -1.347699e+00 -7.981716e-01 -2.997816e-03 2.027543e-04 8.914156e-03 
1.202241e+00 5.570277e-02 7.734409e-01 -1.355715e+00 -8.173273e-01 -2.593598e-03 1.878989e-04 7.709816e-03 
1.006367e+00 1.574144e-01 8.917492e-01 -1.260782e+00 -8.186036e-01 -2.377497e-03 1.685120e-04 8.162493e-03 
1.012844e+00 1.532070e-01 7.719592e-01 -1.315729e+00 -8.075814e-01 -3.095409e-03 3.576710e-04 5.313241e-03 
1.026912e+00 1.833957e-01 8.398931e-01 -1.372755e+00 -8.071054e-01 -2.812280e-03 4.728182e-04 5.945252e-03 
1.067127e+00 1.139658e-01 9.697459e-01 -1.321553e+00 -8.418343e-01 -3.367644e-03 4.169264e-04 7.812679e-03 
1.032985e+00 1.577172e-01 1.013306e+00 -1.312669e+00 -8.377266e-01 -3.031260e-03 4.049811e-04 8.941775e-03 
1.012293e+00 1.624517e-01 9.409890e-01 -1.312583e+00 -8.167806e-01 -3.154319e-03 3.182054e-04 9.421130e-03 
1.048164e+00 1.415319e-01 9.244763e-01 -1.333632e+00 -8.184430e-01 -3.271630e-03 4.896513e-04 4.808863e-03 
1.047630e+00 1.609966e-01 1.054202e+00 -1.323261e+00 -8.266680e-01 -2.740844e-03 3.282060e-04 7.633934e-03 
1.002906e+00 2.027508e-01 8.473495e-01 -1.371100e+00 -8.149544e-01 -2.870103e-03 1.590640e-04 8.946799e-03 
1.120921e+00 1.260438e-01 1.021686e+00 -1.334751e+00 -8.055869e-01 -2.254077e-03 1.525172e-04 5.708467e-03 
1.070930e+00 1.292654e-01 9.709594e-01 -1.294626e+00 -8.242202e-01 -3.026083e-03 3.723652e-04 7.986418e-03 
1.024675e+00 1.671734e-01 8.772845e-01 -1.349061e+00 -8.015548e-01 -3.038869e-03 2.658688e-04 7.041630e-03 
1.124328e+00 1.388452e-01 9.510553e-01 -1.331729e+00 -8.291122e-01 -2.226821e-03 3.629138e-04 6.309654e-03 
1.030483e+00 1.669552e-01 1.064371e+00 -1.344246e+00 -8.299838e-01 -3.433207e-03 4.734847e-04 8.943398e-03 
1.009947e+00 1.778859e-01 9.136414e-01 -1.287499e+00 -8.017379e-01 -2.902301e-03 3.485493e-04 8.741326e-03 
1.026627e+00 1.668317e-01 9.059711e-01 -1.273625e+00 -8.074349e-01 -2.709147e-03 3.689494e-04 7.757702e-03 
1.093333e+00 1.280112e-01 1.106364e+00 -1.306323e+00 -8.350977e-01 -2.291976e-03 4.117448e-04 9.640820e-03 
1.049067e+00 1.729446e-01 1.303816e+00 -1.347776e+00 -8.527820e-01 -2.714024e-03 5.579289e-04 9.806429e-03 
9.752968e-01 1.810575e-01 1.088213e+00 -1.319549e+00 -8.318246e-01 -3.083997e-03 4.667080e-04 1.115867e-02 
1.009094e+00 1.826980e-01 9.373708e-01 -1.328901e+00 -8.248762e-01 -2.779301e-03 3.468205e-04 8.789645e-03 
9.573207e-01 2.126998e-01 8.387584e-01 -1.290697e+00 -8.027557e-01 -3.350813e-03 3.607064e-04 6.546837e-03 
9.975344e-01 1.462223e-01 7.074785e-01 -1.270937e+00 -7.918698e-01 -3.515393e-03 4.015806e-04 7.538722e-03 
9.735842e-01 2.035423e-01 9.241606e-01 -1.321235e+00 -7.897581e-01 -3.124695e-03 3.574790e-04 8.251129e-03 
1.006109e+00 1.957420e-01 9.618045e-01 -1.291182e+00 -8.207740e-01 -2.666574e-03 2.374485e-04 1.087222e-02 
1.093706e+00 1.440529e-01 1.023465e+00 -1.357811e+00 -8.186945e-01 -2.645556e-03 5.373236e-04 7.614161e-03 
1.034810e+00 1.451805e-01 9.601162e-01 -1.284825e+00 -8.100533e-01 -3.721819e-03 5.788481e-04 8.250724e-03 
1.073788e+00 1.285389e-01 1.138058e+00 -1.311605e+00 -8.231120e-01 -2.698550e-03 3.486173e-04 5.676438e-03 
1.038747e+00 1.651419e-01 1.019249e+00 -1.315445e+00 -8.277265e-01 -2.495824e-03 3.547234e-04 6.702877e-03 
9.963166e-01 1.822459e-01 9.621173e-01 -1.329152e+00 -8.100824e-01 -3.213635e-03 3.760318e-04 9.250500e-03 
1.043882e+00 1.815958e-01 8.890677e-01 -1.351585e+00 -8.032276e-01 -2.164622e-03 4.606930e-06 7.921077e-03 
1.052959e+00 1.578014e-01 1.133496e+00 -1.241024e+00 -8.279588e-01 -1.981787e-03 2.846644e-04 6.923457e-03 
9.795172e-01 1.794643e-01 1.007789e+00 -1.299320e+00 -8.400327e-01 -2.747862e-03 2.441313e-04 8.682147e-03 
1.028904e+00 1.958626e-01 1.074274e+00 -1.295021e+00 -8.262152e-01 -2.285448e-03 2.846971e-04 7.506157e-03 
9.423747e-01 2.342057e-01 8.914673e-01 -1.272281e+00 -7.895078e-01 -2.923039e-03 2.702412e-04 7.441713e-03 
9.848399e-01 1.751137e-01 9.816666e-01 -1.282352e+00 -8.144066e-01 -3.220322e-03 3.594455e-04 6.911747e-03 
1.071883e+00 1.467363e-01 1.048453e+00 -1.302588e+00 -8.159795e-01 -2.268579e-03 9.650080e-05 7.941015e-03 
1.084598e+00 1.243605e-01 8.272004e-01 -1.328965e+00 -8.030044e-01 -2.527816e-03 2.216617e-04 6.927927e-03 
1.059195e+00 1.547130e-01 1.125218e+00 -1.311901e+00 -8.195850e-01 -2.707410e-03 2.068797e-04 6.904765e-03 
1.012517e+00 1.631411e-01 1.000024e+00 -1.345162e+00 -8.360581e-01 -3.197215e-03 4.405716e-04 9.083161e-03 
1.036141e+00 2.000345e-01 1.072040e+00 -1.337361e+00 -8.179724e-01 -3.214671e-03 5.514762e-04 6.968704e-03 
1.116559e+00 1.656588e-01 8.543852e-01 -1.444058e+00 -7.740827e-01 -2.152683e-03 3.873336e-04 1.188421e-02 
1.101176e+00 1.355804e-01 1.046209e+00 -1.326714e+00 -8.212183e-01 -2.670981e-03 4.961028e-04 8.672569e-03 
1.087322e+00 1.324744e-01 1.092773e+00 -1.289341e+00 -8.235375e-01 -2.130186e-03 2.313194e-04 6.969199e-03 
9.701250e-01 1.742501e-01 1.054142e+00 -1.297282e+00 -8.426566e-01 -3.303472e-03 5.071871e-04 9.481360e-03 
1.026245e+00 1.822342e-01 9.957527e-01 -1.294880e+00 -8.090894e-01 -2.378936e-03 3.709554e-04 7.043404e-03 
1.061497e+00 1.319990e-01 8.830240e-01 -1.317408e+00 -7.882379e-01 -2.499670e-03 3.635757e-04 7.344624e-03 
1.044064e+00 1.497887e-01 8.534352e-01 -1.309905e+00 -7.754987e-01 -3.821747e-03 4.601990e-04 7.075383e-03 
9.329417e-01 2.216034e-01 8.830082e-01 -1.314937e+00 -8.262953e-01 -3.581374e-03 6.316572e-04 8.936704e-03 
1.040634e+00 1.543675e-01 8.577640e-01 -1.320402e+00 -8.117517e-01 -2.767300e-03 3.878092e-04 7.840342e-03 
1.033747e+00 1.417641e-01 6.087361e-01 -1.445916e+00 -7.634941e-01 -3.497689e-03 3.865786e-04 1.631468e-02 
1.006230e+00 1.886750e-01 1.028678e+00 -1.317722e+00 -8.332968e-01 -2.779538e-03 3.957429e-04 9.567240e-03 
1.007259e+00 1.887457e-01 1.075484e+00 -1.349822e+00 -8.375106e-01 -3.148961e-03 5.254371e-04 9.119752e-03 
1.049515e+00 1.440174e-01 9.375850e-01 -1.333881e+00 -8.260639e-01 -2.425040e-03 1.899718e-04 9.727677e-03 
1.003772e+00 1.739592e-01 9.696379e-01 -1.255216e+00 -8.144974e-01 -3.057856e-03 4.261016e-04 1.263116e-02 
1.062591e+00 1.091917e-01 8.880436e-01 -1.331321e+00 -8.194021e-01 -2.907051e-03 2.450914e-04 4.464378e-03 
9.910757e-01 1.649593e-01 8.300442e-01 -1.305837e+00 -7.988907e-01 -2.707294e-03 3.620103e-04 8.575284e-03 
1.047472e+00 1.624682e-01 9.095361e-01 -1.310797e+00 -7.974451e-01 -3.400657e-03 5.432666e-04 8.082442e-03 
1.044727e+00 1.660631e-01 9.964939e-01 -1.308114e+00 -7.888665e-01 -2.251254e-03 5.552968e-05 6.922906e-03 
9.910442e-01 1.784932e-01 9.568316e-01 -1.281256e+00 -8.119310e-01 -2.506775e-03 3.751807e-05 8.968622e-03 
9.948507e-01 1.592459e-01 8.638420e-01 -1.331611e+00 -8.046423e-01 -3.288383e-03 4.372765e-04 8.295204e-03 
1.074899e+00 1.500518e-01 9.566969e-01 -1.255171e+00 -8.012030e-01 -2.487610e-03 2.136853e-04 5.974597e-03 
1.034611e+00 1.697539e-01 1.149526e+00 -1.294691e+00 -8.260233e-01 -3.074647e-03 4.616537e-04 7.577259e-03 
1.028142e+00 1.638219e-01 8.681572e-01 -1.299743e+00 -7.889520e-01 -3.511994e-03 4.496728e-04 6.651657e-03 
1.063380e+00 1.315632e-01 9.685998e-01 -1.311243e+00 -8.524115e-01 -2.592357e-03 3.195242e-04 6.442337e-03 
1.062654e+00 1.494197e-01 1.066411e+00 -1.365241e+00 -8.218256e-01 -2.544107e-03 4.117796e-04 1.093372e-02 
1.084907e+00 1.312341e-01 9.914835e-01 -1.335048e+00 -8.193229e-01 -2.485302e-03 6.284847e-04 7.764772e-03 
1.038659e+00 1.530269e-01 9.802839e-01 -1.302696e+00 -8.232350e-01 -2.959164e-03 2.650692e-04 6.734528e-03 
1.109030e+00 1.488523e-01 1.050368e+00 -1.314608e+00 -8.401534e-01 -1.630020e-03 1.369505e-04 6.641764e-03 
1.152690e+00 9.068251e-02 1.111871e+00 -1.325662e+00 -8.595134e-01 -2.232300e-03 5.621649e-04 6.362577e-03 
1.002202e+00 1.702243e-01 9.353780e-01 -1.290638e+00 -8.167369e-01 -2.693059e-03 1.748701e-04 6.596717e-03 
1.040220e+00 1.377956e-01 7.620685e-01 -1.242149e+00 -7.288080e-01 -3.605967e-03 2.884213e-04 4.670489e-03 
1.066671e+00 1.453746e-01 1.068127e+00 -1.353390e+00 -8.241890e-01 -2.776747e-03 3.065216e-04 7.281002e-03 
1.000074e+00 1.548939e-01 9.257530e-01 -1.320008e+00 -8.249681e-01 -3.576478e-03 3.478600e-04 8.382527e-03 
1.065196e+00 1.336665e-01 7.249882e-01 -1.407506e+00 -7.728553e-01 -3.581181e-03 4.596489e-04 1.456891e-02 
9.418446e-01 2.193559e-01 1.010377e+00 -1.286831e+00 -8.011141e-01 -3.694673e-03 5.258113e-04 1.092624e-02 
1.018392e+00 2.034621e-01 1.077230e+00 -1.332230e+00 -8.146401e-01 -3.492814e-03 5.457646e-04 9.861913e-03 
1.076951e+00 1.030919e-01 5.907772e-01 -1.428562e+00 -7.799152e-01 -3.006332e-03 2.590657e-04 1.342581e-02 
1.072795e+00 9.905942e-02 4.478679e-01 -1.289099e+00 -7.135492e-01 -4.512011e-03 5.590607e-04 1.627761e-02 
1.042692e+00 1.659097e-01 1.067177e+00 -1.304628e+00 -8.407615e-01 -3.003978e-03 3.470668e-04 8.906101e-03 
1.137018e+00 6.858368e-02 6.196636e-01 -1.408855e+00 -7.822420e-01 -3.229138e-03 3.818778e-04 1.209473e-02 
9.991950e-01 1.732050e-01 8.494622e-01 -1.287283e+00 -8.023005e-01 -2.963263e-03 2.931262e-04 6.757110e-03 
9.650567e-01 2.082787e-01 9.086498e-01 -1.279871e+00 -8.197418e-01 -2.731090e-03 3.408678e-04 8.886921e-03 
1.038196e+00 1.479427e-01 9.434540e-01 -1.295729e+00 -8.141383e-01 -3.337947e-03 3.304333e-04 7.289629e-03 
9.696049e-01 2.051593e-01 7.092926e-01 -1.293891e+00 -7.668084e-01 -3.451543e-03 6.006591e-04 8.698710e-03 
1.008761e+00 1.903902e-01 9.404718e-01 -1.264487e+00 -8.271817e-01 -2.840453e-03 3.925519e-04 7.910064e-03 
1.017199e+00 1.880110e-01 9.490908e-01 -1.375685e+00 -8.044429e-01 -3.203335e-03 6.373697e-04 9.994582e-03 
9.884927e-01 1.803882e-01 1.005543e+00 -1.277347e+00 -8.276756e-01 -3.045156e-03 5.281456e-04 3.875133e-03 
1.115983e+00 1.137608e-01 9.897932e-01 -1.308660e+00 -8.231249e-01 -2.696164e-03 3.596152e-04 5.055481e-03 
1.041663e+00 1.751551e-01 8.494195e-01 -1.389295e+00 -8.067518e-01 -3.518723e-03 4.717781e-04 7.727703e-03 
1.087866e+00 1.214218e-01 9.270941e-01 -1.294221e+00 -8.036968e-01 -3.059584e-03 2.615734e-04 7.430506e-03 
1.040397e+00 1.848459e-01 1.128673e+00 -1.321164e+00 -8.223453e-01 -2.280532e-03 3.943045e-04 6.613069e-03 
1.057715e+00 1.628831e-01 9.257802e-01 -1.342665e+00 -8.122359e-01 -2.339698e-03 1.359303e-04 6.524737e-03 
1.000890e+00 1.961176e-01 1.113890e+00 -1.337413e+00 -8.142242e-01 -2.783800e-03 1.533638e-04 7.755312e-03 
9.985418e-01 1.795533e-01 7.260567e-01 -1.351808e+00 -7.883051e-01 -3.369606e-03 4.851740e-04 7.008738e-03 
9.484552e-01 2.072074e-01 8.644108e-01 -1.289901e+00 -8.083018e-01 -3.449246e-03 2.747089e-04 9.734841e-03 
9.779474e-01 1.979742e-01 1.024554e+00 -1.262165e+00 -8.149315e-01 -2.774649e-03 2.099081e-04 4.890481e-03 
1.132251e+00 9.283965e-02 1.230364e+00 -1.333500e+00 -8.499873e-01 -2.322857e-03 3.257726e-04 7.473999e-03 
1.011830e+00 1.575610e-01 9.589704e-01 -1.265688e+00 -8.283630e-01 -2.746515e-03 2.363209e-04 7.200142e-03 
1.113124e+00 8.966071e-02 8.885378e-01 -1.304358e+00 -8.178540e-01 -2.289322e-03 1.467775e-04 4.442371e-03 
1.001438e+00 1.571277e-01 9.019347e-01 -1.249220e+00 -8.419826e-01 -2.965138e-03 2.416233e-04 8.113411e-03 
1.106384e+00 1.485377e-01 1.005068e+00 -1.341160e+00 -7.900627e-01 -2.631828e-03 3.838365e-04 5.490775e-03 
9.660859e-01 1.816803e-01 8.029729e-01 -1.250665e+00 -8.052333e-01 -3.342654e-03 2.823369e-04 6.946104e-03 
1.024752e+00 1.835802e-01 1.065871e+00 -1.302415e+00 -8.244589e-01 -3.330700e-03 4.320032e-04 8.851333e-03 
9.644854e-01 1.903118e-01 9.974171e-01 -1.262904e+00 -8.091753e-01 -3.448823e-03 1.814469e-04 5.897321e-03 
1.000333e+00 1.680509e-01 9.147288e-01 -1.321342e+00 -8.010503e-01 -2.816736e-03 5.371235e-04 7.301979e-03 
1.104813e+00 1.350131e-01 1.054372e+00 -1.270621e+00 -8.319308e-01 -1.950292e-03 1.442163e-04 6.763221e-03 
9.768087e-01 2.053355e-01 8.370278e-01 -1.264492e+00 -8.175999e-01 -2.093313e-03 -1.726362e-04 5.714675e-03 
1.047971e+00 1.584419e-01 9.612826e-01 -1.273133e+00 -8.292129e-01 -2.734544e-03 2.669177e-04 6.305677e-03 
9.919196e-01 1.701819e-01 9.140545e-01 -1.301868e+00 -8.276048e-01 -3.434529e-03 5.487901e-04 1.104639e-02 
1.022439e+00 1.834621e-01 9.166934e-01 -1.328384e+00 -8.313130e-01 -2.882320e-03 2.170393e-04 6.793432e-03 
1.093921e+00 1.190474e-01 1.096289e+00 -1.303215e+00 -8.302093e-01 -2.633363e-03 3.597165e-04 8.785002e-03 
1.038564e+00 1.660281e-01 1.054565e+00 -1.279031e+00 -8.254424e-01 -2.809854e-03 5.029022e-04 4.798956e-03 
9.803519e-01 1.750185e-01 3.891924e-01 -1.518867e+00 -7.118495e-01 -3.773875e-03 3.684931e-04 9.099816e-03 
1.138287e+00 9.532931e-02 7.883420e-01 -1.364398e+00 -7.551040e-01 -3.341821e-03 5.735827e-04 1.175424e-02 
1.045019e+00 1.556184e-01 1.048852e+00 -1.261590e+00 -8.140837e-01 -2.858007e-03 4.146227e-04 6.943260e-03 
9.701416e-01 2.029805e-01 1.000275e+00 -1.327348e+00 -8.207001e-01 -2.802655e-03 2.906648e-04 9.492317e-03 
1.055591e+00 1.269238e-01 9.278786e-01 -1.301394e+00 -8.328859e-01 -2.978112e-03 2.288055e-04 8.671694e-03 
1.141032e+00 7.681889e-02 1.012637e+00 -1.307666e+00 -8.454156e-01 -2.828516e-03 2.663288e-04 5.626165e-03 
1.058396e+00 1.426259e-01 9.454481e-01 -1.339794e+00 -8.136215e-01 -3.022060e-03 3.797688e-04 8.870588e-03 
1.059026e+00 1.560238e-01 1.153051e+00 -1.276440e+00 -8.304451e-01 -2.792156e-03 4.827816e-04 7.692312e-03 
9.749190e-01 2.346779e-01 9.501169e-01 -1.324061e+00 -7.846267e-01 -3.426081e-03 3.917650e-04 1.039552e-02 
1.055585e+00 1.288234e-01 9.310498e-01 -1.269690e+00 -8.007127e-01 -3.498761e-03 4.332699e-04 9.018534e-03 
1.076929e+00 1.572190e-01 1.062338e+00 -1.350767e+00 -8.515663e-01 -2.247195e-03 3.571485e-04 1.051093e-02 
9.727871e-01 1.816391e-01 8.938609e-01 -1.275325e+00 -8.078843e-01 -3.626106e-03 3.710433e-04 8.525563e-03 
1.063828e+00 1.355880e-01 6.782041e-01 -1.243016e+00 -7.592530e-01 -3.623004e-03 3.352260e-04 1.080929e-02 
1.047718e+00 1.541592e-01 1.129895e+00 -1.285543e+00 -8.436160e-01 -2.852352e-03 3.947286e-04 9.016899e-03 
1.054805e+00 1.725671e-01 1.332357e+00 -1.374053e+00 -8.608953e-01 -2.524924e-03 4.251541e-04 8.229147e-03 
1.014280e+00 1.697473e-01 1.104133e+00 -1.307885e+00 -8.514060e-01 -2.975457e-03 3.928039e-04 7.159647e-03 
1.057629e+00 1.580208e-01 1.211145e+00 -1.320142e+00 -8.488939e-01 -2.400485e-03 5.310983e-04 8.612833e-03 
9.979674e-01 1.645224e-01 1.010495e+00 -1.285867e+00 -8.205576e-01 -3.686371e-03 5.067788e-04 1.002687e-02 
1.122237e+00 9.438763e-02 9.557781e-01 -1.326584e+00 -8.039677e-01 -3.007271e-03 5.816287e-04 6.729968e-03 
1.019254e+00 1.493514e-01 1.064607e+00 -1.292281e+00 -8.394855e-01 -3.515881e-03 2.031930e-04 8.493123e-03 
1.018990e+00 1.992903e-01 1.068066e+00 -1.321062e+00 -8.230794e-01 -2.522020e-03 3.102725e-04 8.938214e-03 
1.073674e+00 1.453111e-01 5.425045e-01 -1.327372e+00 -6.818931e-01 -3.923573e-03 3.458860e-04 1.339303e-02 
1.049517e+00 1.668051e-01 1.055916e+00 -1.292408e+00 -8.264788e-01 -2.477064e-03 2.602615e-04 7.957116e-03 
1.122086e+00 1.106999e-01 1.197785e+00 -1.280580e+00 -8.475136e-01 -1.976156e-03 4.352962e-04 8.648340e-03 
1.052380e+00 1.388206e-01 7.365732e-01 -1.311579e+00 -7.838859e-01 -3.309373e-03 2.627173e-04 7.406882e-03 
8.771829e-01 2.594946e-01 9.101108e-01 -1.292179e+00 -7.842110e-01 -3.484089e-03 5.947629e-04 7.480374e-03 
1.077899e+00 1.288280e-01 9.378749e-01 -1.288607e+00 -8.073188e-01 -2.655242e-03 4.103101e-04 6.244514e-03 
1.017499e+00 1.665296e-01 8.817230e-01 -1.285365e+00 -7.872268e-01 -2.992644e-03 3.971344e-04 6.411339e-03 
1.005603e+00 1.314810e-01 7.959752e-01 -1.320860e+00 -8.026072e-01 -3.538160e-03 4.584040e-04 8.478351e-03 
1.076488e+00 1.028397e-01 5.058214e-01 -1.340508e+00 -7.678990e-01 -3.554658e-03 2.480384e-04 1.037054e-02 
1.055904e+00 1.329094e-01 8.101502e-01 -1.308026e+00 -8.160264e-01 -2.673085e-03 2.375058e-04 7.379301e-03 
9.876342e-01 2.243184e-01 9.484317e-01 -1.299013e+00 -8.104177e-01 -3.226706e-03 3.734266e-04 1.076760e-02 
9.672904e-01 1.802113e-01 9.021718e-01 -1.306844e+00 -8.276651e-01 -3.188954e-03 3.585788e-04 1.071647e-02 
9.609761e-01 1.915885e-01 8.541989e-01 -1.271748e+00 -8.101953e-01 -3.145328e-03 3.325293e-04 7.971345e-03 
9.475418e-01 2.057698e-01 9.486129e-01 -1.214742e+00 -8.265671e-01 -3.372242e-03 2.598747e-04 6.835487e-03 
1.064784e+00 1.444482e-01 1.048687e+00 -1.336792e+00 -8.340245e-01 -2.527271e-03 1.666209e-04 9.551780e-03 
9.055677e-01 2.506393e-01 7.762350e-01 -1.265169e+00 -7.932203e-01 -3.686486e-03 3.709587e-04 9.837912e-03 
1.054513e+00 1.499753e-01 1.073315e+00 -1.322997e+00 -8.394708e-01 -2.539857e-03 5.972015e-05 1.016179e-02 
1.010432e+00 1.667839e-01 9.119529e-01 -1.332697e+00 -8.351225e-01 -3.346641e-03 5.043246e-04 7.361577e-03 
9.479953e-01 2.016490e-01 8.118943e-01 -1.293522e+00 -7.988354e-01 -3.602990e-03 3.665829e-04 1.098178e-02 
1.033694e+00 1.722975e-01 1.147078e+00 -1.361662e+00 -8.202313e-01 -3.391901e-03 5.345125e-04 7.030080e-03 
9.186158e-01 1.957517e-01 9.683717e-01 -1.296950e+00 -8.325692e-01 -3.944198e-03 5.917729e-04 9.941160e-03 
1.000998e+00 1.583124e-01 9.443880e-01 -1.260703e+00 -8.169774e-01 -3.404781e-03 4.178597e-04 9.230480e-03 
1.064852e+00 1.481317e-01 8.251769e-01 -1.315182e+00 -8.169872e-01 -3.160218e-03 4.580100e-04 9.092941e-03 
1.017557e+00 1.825057e-01 9.153555e-01 -1.366673e+00 -8.066952e-01 -2.281379e-03 1.854414e-04 7.846551e-03 
1.050483e+00 1.686929e-01 1.057629e+00 -1.283981e+00 -8.277823e-01 -3.262779e-03 4.921020e-04 7.940572e-03 
1.062808e+00 1.710521e-01 9.993568e-01 -1.350090e+00 -8.023665e-01 -2.263850e-03 3.893542e-04 6.517120e-03 
9.848633e-01 2.060315e-01 9.645120e-01 -1.295949e+00 -8.164333e-01 -3.298473e-03 3.374795e-04 8.187820e-03 
1.052289e+00 1.502607e-01 1.017442e+00 -1.266778e+00 -8.247114e-01 -2.623735e-03 3.382459e-04 7.341199e-03 
1.111250e+00 1.143732e-01 1.012916e+00 -1.302937e+00 -8.380744e-01 -2.111897e-03 3.796826e-04 2.942174e-03 
1.030044e+00 1.656953e-01 8.319495e-01 -1.328674e+00 -8.202893e-01 -3.349865e-03 5.978689e-04 8.184243e-03 
1.004072e+00 1.974241e-01 1.096941e+00 -1.346810e+00 -8.285050e-01 -2.986487e-03 3.563088e-04 8.080740e-03 
1.024951e+00 1.539797e-01 9.317994e-01 -1.332312e+00 -8.046682e-01 -3.169069e-03 4.267445e-04 8.337565e-03 
1.021256e+00 1.505967e-01 8.605369e-01 -1.302959e+00 -8.335170e-01 -3.386502e-03 3.556838e-04 7.234866e-03 
1.049827e+00 1.775864e-01 8.706378e-01 -1.353653e+00 -8.148934e-01 -2.220241e-03 1.619309e-04 8.561011e-03 
9.564225e-01 2.114221e-01 8.338863e-01 -1.294469e+00 -7.829392e-01 -3.684872e-03 4.740877e-04 9.582525e-03 
9.955591e-01 1.930782e-01 1.011667e+00 -1.320715e+00 -8.128812e-01 -4.049767e-03 5.525453e-04 7.442202e-03 
1.052002e+00 1.338643e-01 9.868057e-01 -1.337140e+00 -8.259108e-01 -3.191712e-03 3.558275e-04 7.816088e-03 
1.064908e+00 1.407412e-01 1.195862e+00 -1.286748e+00 -8.233269e-01 -2.532753e-03 2.592980e-04 6.662270e-03 
9.581533e-01 1.899100e-01 9.258755e-01 -1.297309e+00 -7.788643e-01 -3.079921e-03 1.939310e-04 6.912247e-03 
1.002048e+00 1.869093e-01 8.985481e-01 -1.296021e+00 -8.156002e-01 -2.978352e-03 4.068903e-04 7.308324e-03 
1.018490e+00 2.003976e-01 1.073623e+00 -1.310419e+00 -8.210642e-01 -2.553182e-03 2.414106e-04 8.319359e-03 
1.042340e+00 1.638503e-01 9.716644e-01 -1.276178e+00 -8.351810e-01 -2.581173e-03 3.613662e-04 9.242893e-03 
1.038246e+00 1.385318e-01 8.526241e-01 -1.308688e+00 -7.960157e-01 -3.396857e-03 3.663195e-04 9.602343e-03 
1.022713e+00 1.914048e-01 1.280699e+00 -1.286269e+00 -8.294501e-01 -3.113647e-03 5.529488e-04 9.224280e-03 
1.029281e+00 1.769855e-01 8.871835e-01 -1.269002e+00 -8.131027e-01 -3.083883e-03 4.274890e-04 7.346250e-03 
9.900643e-01 1.523817e-01 7.877203e-01 -1.250870e+00 -7.927430e-01 -3.672393e-03 1.699443e-04 8.575635e-03 
9.982810e-01 1.823909e-01 1.015614e+00 -1.313476e+00 -7.923992e-01 -3.447919e-03 6.272879e-04 9.424505e-03 
1.027382e+00 1.582698e-01 9.597625e-01 -1.305108e+00 -8.142674e-01 -2.303030e-03 -5.043968e-05 6.359191e-03 
1.052515e+00 1.678857e-01 8.559934e-01 -1.308644e+00 -8.064537e-01 -3.197504e-03 4.215533e-04 6.544360e-03 
9.121503e-01 2.306754e-01 7.346296e-01 -1.273267e+00 -7.848744e-01 -3.437280e-03 2.788565e-04 6.564956e-03 
1.010708e+00 1.747964e-01 9.224900e-01 -1.365693e+00 -8.173658e-01 -2.977710e-03 4.763140e-04 6.971231e-03 
9.408910e-01 2.195477e-01 9.466297e-01 -1.286030e+00 -8.273553e-01 -2.959227e-03 3.034345e-04 7.832368e-03 
1.032208e+00 1.408267e-01 9.077398e-01 -1.329991e+00 -8.056886e-01 -3.239622e-03 6.415950e-04 7.246219e-03 
1.059727e+00 1.736234e-01 9.449384e-01 -1.306258e+00 -8.387606e-01 -2.051249e-03 1.458044e-04 6.931992e-03 
1.076980e+00 1.389733e-01 6.898712e-01 -1.430965e+00 -7.847312e-01 -3.286451e-03 4.761326e-04 1.319055e-02 
1.009301e+00 1.740900e-01 6.735938e-01 -1.448594e+00 -7.555150e-01 -3.206426e-03 2.727187e-04 1.301629e-02 
9.990770e-01 1.875142e-01 9.887971e-01 -1.325069e+00 -8.242763e-01 -3.056970e-03 3.308724e-04 9.787254e-03 
9.883652e-01 2.099123e-01 9.212100e-01 -1.304242e+00 -8.058559e-01 -3.001801e-03 4.797745e-04 1.109582e-02 
9.496295e-01 1.960451e-01 8.663924e-01 -1.287972e+00 -7.889799e-01 -4.060667e-03 3.849630e-04 1.076972e-02 
1.057648e+00 1.571669e-01 8.919929e-01 -1.294675e+00 -8.321604e-01 -2.703317e-03 3.164321e-04 7.867656e-03 
9.879368e-01 1.528313e-01 9.568230e-01 -1.286462e+00 -8.118066e-01 -3.586627e-03 5.287467e-04 1.090368e-02 
9.790357e-01 2.261034e-01 1.057350e+00 -1.232421e+00 -8.386240e-01 -3.017695e-03 2.064910e-04 8.109053e-03 
1.122149e+00 1.408344e-01 1.137516e+00 -1.321472e+00 -8.618710e-01 -1.970517e-03 1.530675e-04 7.440293e-03 
1.046926e+00 1.635697e-01 1.071879e+00 -1.355074e+00 -8.327469e-01 -3.372719e-03 4.296243e-04 9.108331e-03 
1.050223e+00 1.637678e-01 9.820121e-01 -1.290524e+00 -8.232400e-01 -2.265575e-03 2.666364e-05 7.594872e-03 
1.054521e+00 1.453251e-01 9.644581e-01 -1.283220e+00 -8.192918e-01 -2.472075e-03 2.445715e-04 5.572515e-03 
9.544747e-01 1.817862e-01 8.562565e-01 -1.359521e+00 -7.887344e-01 -4.121401e-03 4.333287e-04 9.011503e-03 
1.046219e+00 1.466294e-01 1.064066e+00 -1.284714e+00 -8.408346e-01 -3.431405e-03 4.446297e-04 8.464790e-03 
1.080619e+00 1.509467e-01 1.122668e+00 -1.293099e+00 -8.565293e-01 -2.446677e-03 2.267197e-04 1.082715e-02 
1.051856e+00 1.587606e-01 1.060747e+00 -1.316426e+00 -8.351865e-01 -2.769713e-03 4.942169e-04 6.774278e-03 
1.037606e+00 1.533195e-01 8.036383e-01 -1.311874e+00 -8.063663e-01 -3.430524e-03 3.322762e-04 3.791862e-03 
1.014756e+00 1.707944e-01 9.423940e-01 -1.359720e+00 -7.921833e-01 -3.101539e-03 2.666867e-04 8.400651e-03 
9.065768e-01 2.152912e-01 7.364004e-01 -1.220006e+00 -7.842539e-01 -3.906847e-03 2.843668e-04 7.177492e-03 
1.071757e+00 1.454761e-01 1.039065e+00 -1.338553e+00 -8.392347e-01 -2.397065e-03 3.336864e-04 7.051170e-03 
1.029065e+00 1.569185e-01 8.511345e-01 -1.308452e+00 -7.715707e-01 -3.561188e-03 4.546424e-04 8.110476e-03 
1.062225e+00 1.416139e-01 1.033100e+00 -1.292124e+00 -8.219704e-01 -3.272381e-03 5.510991e-04 6.582310e-03 
9.498637e-01 1.882676e-01 8.173946e-01 -1.266596e+00 -8.135879e-01 -3.297825e-03 4.088392e-04 6.656935e-03 
1.009073e+00 1.736277e-01 1.013263e+00 -1.311906e+00 -8.278916e-01 -3.397518e-03 5.194923e-04 9.530787e-03 
1.104962e+00 1.302041e-01 1.271854e+00 -1.321204e+00 -8.435155e-01 -1.998115e-03 2.141563e-04 9.198816e-03 
9.841395e-01 1.957375e-01 8.301813e-01 -1.297977e+00 -8.067539e-01 -2.918103e-03 3.864079e-04 6.327048e-03 
9.618215e-01 2.097879e-01 9.273278e-01 -1.307777e+00 -7.877346e-01 -3.534128e-03 4.783712e-04 7.831326e-03 
1.028345e+00 1.624785e-01 9.607129e-01 -1.286233e+00 -8.133262e-01 -3.141472e-03 3.979847e-04 6.855448e-03 
1.093495e+00 1.489006e-01 1.130563e+00 -1.310731e+00 -8.340272e-01 -1.920390e-03 3.559003e-04 4.399220e-03 
1.068683e+00 1.521631e-01 5.951541e-01 -1.421208e+00 -7.799029e-01 -3.598156e-03 7.082274e-04 1.339270e-02 
9.894846e-01 1.738067e-01 1.049637e+00 -1.305062e+00 -8.172630e-01 -3.333410e-03 3.416100e-04 7.965364e-03 
9.707051e-01 1.939588e-01 1.068731e+00 -1.294041e+00 -8.176347e-01 -2.834567e-03 4.710701e-04 8.102666e-03 
9.387572e-01 1.997500e-01 8.536876e-01 -1.223361e+00 -8.066727e-01 -3.339700e-03 3.945883e-04 6.538772e-03 
1.045727e+00 2.115069e-01 1.083701e+00 -1.344998e+00 -8.282643e-01 -2.046849e-03 3.144835e-04 7.476985e-03 
1.009446e+00 1.341875e-01 4.846360e-01 -1.402441e+00 -7.643932e-01 -3.915029e-03 2.903640e-04 1.308056e-02 
9.963608e-01 1.912990e-01 8.165272e-01 -1.346318e+00 -8.161312e-01 -3.090908e-03 2.744632e-04 7.224660e-03 
9.915343e-01 1.867529e-01 9.253160e-01 -1.364329e+00 -8.062587e-01 -2.967725e-03 5.559392e-04 8.715193e-03 
9.838916e-01 2.100589e-01 1.029613e+00 -1.306919e+00 -8.408950e-01 -2.792327e-03 3.187099e-04 8.431484e-03 
9.494923e-01 2.460426e-01 1.073948e+00 -1.322900e+00 -8.151215e-01 -3.187552e-03 4.354187e-04 1.033461e-02 
1.027309e+00 1.290239e-01 1.042010e+00 -1.314671e+00 -8.237261e-01 -3.456093e-03 4.744134e-04 9.844457e-03 
1.196067e+00 7.232083e-02 8.245906e-01 -1.357057e+00 -8.130133e-01 -2.146271e-03 1.359966e-04 9.471507e-03 
1.105503e+00 1.297478e-01 1.011695e+00 -1.304726e+00 -8.373822e-01 -2.150471e-03 2.170056e-04 6.180678e-03 
9.905442e-01 1.958366e-01 1.010834e+00 -1.279275e+00 -8.149762e-01 -3.041724e-03 1.686727e-04 7.088488e-03 
1.006368e+00 1.825859e-01 8.180544e-01 -1.347026e+00 -7.935652e-01 -3.772077e-03 3.769913e-04 7.193361e-03 
9.365603e-01 1.906253e-01 7.988662e-01 -1.280279e+00 -8.032585e-01 -2.735330e-03 3.341086e-04 7.960829e-03 
1.118703e+00 1.130142e-01 1.063549e+00 -1.292704e+00 -8.442936e-01 -2.342672e-03 4.560580e-04 7.011676e-03 
1.021206e+00 1.377184e-01 8.728369e-01 -1.318500e+00 -8.046031e-01 -3.111274e-03 5.373469e-04 9.747175e-03 
9.895881e-01 1.896819e-01 8.096426e-01 -1.341322e+00 -8.075218e-01 -2.637392e-03 1.809003e-04 5.476280e-03 
1.045954e+00 1.772906e-01 1.082444e+00 -1.321621e+00 -8.368216e-01 -2.528397e-03 4.374643e-04 7.440533e-03 
1.020670e+00 1.812725e-01 9.359317e-01 -1.384151e+00 -8.148580e-01 -3.611366e-03 4.741103e-04 9.920021e-03 
1.047375e+00 1.693252e-01 1.019346e+00 -1.323642e+00 -8.281215e-01 -3.060263e-03 4.486802e-04 7.854044e-03 
1.017497e+00 1.676289e-01 1.128915e+00 -1.290395e+00 -8.324438e-01 -2.897852e-03 5.297306e-04 9.626631e-03 
1.062948e+00 1.482277e-01 9.889978e-01 -1.292024e+00 -8.088319e-01 -2.576945e-03 4.914671e-04 6.717600e-03 
9.682976e-01 1.918685e-01 1.085761e+00 -1.329709e+00 -8.349430e-01 -3.362840e-03 5.397982e-04 1.055105e-02 
9.474150e-01 2.171523e-01 1.068883e+00 -1.298122e+00 -8.164867e-01 -3.331283e-03 4.335637e-04 7.681202e-03 
1.058106e+00 1.361305e-01 9.284458e-01 -1.263941e+00 -8.292112e-01 -2.875412e-03 1.936061e-04 6.949289e-03 
1.029233e+00 1.607244e-01 8.237637e-01 -1.296762e+00 -8.082678e-01 -3.076443e-03 4.526541e-04 7.768162e-03 
9.671676e-01 2.010450e-01 1.009039e+00 -1.294450e+00 -8.271693e-01 -3.103760e-03 1.883820e-04 9.996311e-03 
1.037931e+00 1.414326e-01 9.840551e-01 -1.270822e+00 -8.358816e-01 -2.818548e-03 2.604187e-04 7.092583e-03 
1.032111e+00 1.470656e-01 1.094336e+00 -1.359166e+00 -8.180362e-01 -2.764594e-03 3.037517e-04 7.747670e-03 
1.035859e+00 1.967049e-01 1.048126e+00 -1.303904e+00 -8.301155e-01 -2.003717e-03 1.720166e-04 9.828324e-03 
1.113670e+00 1.307283e-01 1.148339e+00 -1.327380e+00 -8.325649e-01 -2.405648e-03 2.537908e-04 8.899290e-03 
1.075239e+00 1.126259e-01 9.850291e-01 -1.310617e+00 -8.276464e-01 -2.998720e-03 2.613962e-04 7.696377e-03 
9.403428e-01 2.295483e-01 9.043601e-01 -1.304868e+00 -8.133386e-01 -3.348932e-03 3.249131e-04 8.625496e-03 
1.001327e+00 1.886291e-01 9.145144e-01 -1.310301e+00 -8.076681e-01 -2.699528e-03 3.167667e-04 9.780074e-03 
1.022218e+00 1.622165e-01 8.390283e-01 -1.273682e+00 -8.034133e-01 -2.936629e-03 4.836583e-04 5.530892e-03 
1.108106e+00 1.462491e-01 1.281830e+00 -1.274224e+00 -8.637568e-01 -1.723281e-03 2.341201e-04 6.447833e-03 
9.851020e-01 1.758519e-01 1.067923e+00 -1.257040e+00 -8.262987e-01 -3.681026e-03 6.087602e-04 4.949767e-03 
1.013640e+00 1.951798e-01 1.050464e+00 -1.297133e+00 -8.323570e-01 -2.589191e-03 3.185502e-04 8.219086e-03 
9.726864e-01 1.706494e-01 8.747864e-01 -1.266256e+00 -8.337420e-01 -3.106802e-03 1.823727e-04 8.593154e-03 
1.119097e+00 1.192669e-01 9.231978e-01 -1.349260e+00 -8.167662e-01 -2.105161e-03 1.462100e-04 5.709584e-03 
9.145859e-01 2.079508e-01 1.078187e+00 -1.278330e+00 -8.290758e-01 -3.115207e-03 2.860308e-04 1.068165e-02 
1.005128e+00 1.854091e-01 1.024583e+00 -1.339944e+00 -8.319036e-01 -2.982916e-03 5.198614e-04 8.872422e-03 
9.978086e-01 1.705781e-01 1.046493e+00 -1.263860e+00 -8.171805e-01 -3.129921e-03 4.909636e-04 9.412244e-03 
9.592850e-01 2.140135e-01 9.417779e-01 -1.321062e+00 -8.257878e-01 -3.643610e-03 3.378458e-04 8.817804e-03 
9.980861e-01 2.071324e-01 8.925065e-01 -1.285407e+00 -8.039104e-01 -3.195132e-03 3.439077e-04 7.090701e-03 
1.062755e+00 1.573371e-01 9.898501e-01 -1.339753e+00 -8.066374e-01 -3.033301e-03 5.776290e-04 1.132150e-02 
1.069655e+00 1.118955e-01 5.685718e-01 -1.356528e+00 -7.554681e-01 -4.026654e-03 5.937165e-04 1.372710e-02 
8.954775e-01 2.443394e-01 6.749330e-01 -1.269117e+00 -7.690322e-01 -3.135018e-03 1.267653e-04 7.873600e-03 
8.825208e-01 2.106513e-01 7.873662e-01 -1.263434e+00 -8.068594e-01 -4.408605e-03 5.734862e-04 9.182216e-03 
9.155767e-01 2.255591e-01 1.005166e+00 -1.307117e+00 -8.212183e-01 -3.209309e-03 7.765250e-05 8.730317e-03 
9.273958e-01 2.188066e-01 1.091756e+00 -1.290672e+00 -8.056762e-01 -4.007725e-03 6.916848e-04 1.029337e-02 
9.640528e-01 1.996368e-01 8.950951e-01 -1.320876e+00 -8.169505e-01 -2.528505e-03 2.130342e-05 7.865861e-03 
9.917610e-01 2.064334e-01 8.834268e-01 -1.328583e+00 -7.981262e-01 -2.943556e-03 3.114741e-04 7.004022e-03 
9.622178e-01 1.886663e-01 7.577703e-01 -1.270702e+00 -7.683096e-01 -3.493501e-03 2.234221e-04 9.175341e-03 
1.045905e+00 1.316090e-01 9.306870e-01 -1.350876e+00 -8.175410e-01 -2.381542e-03 2.770976e-04 9.155794e-03 
1.086398e+00 1.523124e-01 1.042295e+00 -1.299640e+00 -8.335175e-01 -2.567334e-03 4.799266e-04 7.101066e-03 
1.001406e+00 1.695003e-01 1.105848e+00 -1.298328e+00 -8.142417e-01 -2.889559e-03 3.122325e-04 7.895523e-03 
1.050546e+00 1.606277e-01 8.118202e-01 -1.329871e+00 -8.055964e-01 -2.455802e-03 3.297387e-04 6.609021e-03 
1.022839e+00 1.687789e-01 9.439609e-01 -1.319100e+00 -8.187170e-01 -3.089638e-03 3.072175e-04 5.542065e-03 
1.023782e+00 1.810462e-01 9.039943e-01 -1.303823e+00 -8.337958e-01 -2.304115e-03 1.904408e-04 1.022290e-02 
9.947609e-01 1.822965e-01 8.768030e-01 -1.296947e+00 -8.112519e-01 -2.856523e-03 1.444538e-04 8.702037e-03 
1.024997e+00 1.985500e-01 1.061438e+00 -1.324171e+00 -8.208074e-01 -3.006183e-03 3.662269e-04 9.055939e-03 
1.124977e+00 1.067650e-01 9.152192e-01 -1.325505e+00 -8.114448e-01 -3.090296e-03 2.600621e-04 8.176484e-03 
9.484939e-01 1.976324e-01 1.028295e+00 -1.265232e+00 -8.099778e-01 -3.238021e-03 3.838536e-04 1.119761e-02 
1.155326e+00 8.895291e-02 8.524468e-01 -1.429630e+00 -7.893774e-01 -2.499757e-03 5.588171e-04 1.205232e-02 
1.050586e+00 1.539827e-01 9.441793e-01 -1.338232e+00 -8.345925e-01 -3.113903e-03 3.749346e-04 9.134098e-03 
1.050517e+00 1.709395e-01 1.017702e+00 -1.302519e+00 -8.375776e-01 -2.200346e-03 5.227995e-04 6.110020e-03 
1.009084e+00 1.559292e-01 9.083749e-01 -1.306493e+00 -8.235577e-01 -2.570339e-03 1.591956e-04 8.686523e-03 
1.020633e+00 1.488709e-01 8.306329e-01 -1.294243e+00 -8.277279e-01 -2.889904e-03 4.329231e-04 7.134655e-03 
9.839368e-01 2.050721e-01 8.703705e-01 -1.299323e+00 -8.020371e-01 -2.728287e-03 1.536756e-04 5.360557e-03 
1.025655e+00 1.677689e-01 9.919616e-01 -1.320102e+00 -8.261921e-01 -3.501720e-03 4.501548e-04 1.091998e-02 
9.462845e-01 2.111419e-01 8.468205e-01 -1.282804e+00 -8.056387e-01 -3.179704e-03 2.389023e-04 8.173788e-03 
1.062511e+00 1.708562e-01 1.036712e+00 -1.334663e+00 -8.217736e-01 -2.649661e-03 2.875224e-04 6.644993e-03 
1.031099e+00 1.718435e-01 1.058432e+00 -1.313742e+00 -8.202577e-01 -2.536108e-03 2.720120e-04 8.386819e-03 
1.029164e+00 1.718134e-01 9.582645e-01 -1.290153e+00 -8.001482e-01 -2.387432e-03 2.332434e-04 6.521176e-03 
9.999797e-01 2.040167e-01 9.898921e-01 -1.311711e+00 -7.870590e-01 -3.043136e-03 5.434669e-04 6.602915e-03 
1.013494e+00 1.552364e-01 9.059478e-01 -1.263994e+00 -8.182876e-01 -3.001473e-03 2.343780e-04 7.405831e-03 
1.030252e+00 1.829213e-01 1.189053e+00 -1.277951e+00 -8.381589e-01 -2.486010e-03 3.169403e-04 7.008458e-03 
9.720968e-01 1.910609e-01 1.048260e+00 -1.294914e+00 -8.155995e-01 -3.091567e-03 4.723805e-04 9.880828e-03 
9.820228e-01 1.872001e-01 8.397186e-01 -1.290860e+00 -8.135825e-01 -2.509057e-03 1.316418e-04 7.314928e-03 
1.085888e+00 1.564014e-01 1.262532e+00 -1.284474e+00 -8.404740e-01 -1.875661e-03 3.298354e-04 5.870488e-03 
1.021909e+00 1.505335e-01 9.361902e-01 -1.272182e+00 -8.279986e-01 -2.882581e-03 3.301134e-04 7.150292e-03 
9.599620e-01 2.148266e-01 8.326617e-01 -1.273803e+00 -7.897653e-01 -3.482680e-03 2.824496e-04 1.003196e-02 
9.081153e-01 2.191188e-01 9.423035e-01 -1.356402e+00 -8.035459e-01 -3.871599e-03 4.682698e-04 9.119185e-03 
1.017560e+00 1.541608e-01 1.046244e+00 -1.291593e+00 -8.241255e-01 -3.107681e-03 3.990067e-04 8.053687e-03 
1.050401e+00 1.579249e-01 1.104937e+00 -1.360041e+00 -8.346084e-01 -3.116879e-03 5.125027e-04 8.237425e-03 
1.028187e+00 1.319389e-01 6.504607e-01 -1.444991e+00 -7.837362e-01 -3.594519e-03 4.699035e-04 1.693189e-02 
1.064722e+00 1.364239e-01 1.060366e+00 -1.282484e+00 -8.452657e-01 -2.650004e-03 3.410995e-04 9.130022e-03 
1.046493e+00 1.345996e-01 9.878570e-01 -1.273179e+00 -8.226946e-01 -2.620701e-03 2.258273e-04 7.350776e-03 
1.049839e+00 1.274672e-01 1.003423e+00 -1.310592e+00 -8.104044e-01 -2.625089e-03 3.933850e-04 8.215319e-03 
1.028521e+00 1.648648e-01 1.075038e+00 -1.324509e+00 -8.371572e-01 -2.654082e-03 3.283240e-04 9.915740e-03 
1.072907e+00 1.599043e-01 9.510818e-01 -1.310905e+00 -7.842841e-01 -2.874626e-03 4.315510e-04 5.033965e-03 
1.006963e+00 1.626479e-01 1.084174e+00 -1.281014e+00 -8.236157e-01 -2.685235e-03 3.483142e-04 9.922300e-03 
1.063630e+00 1.283424e-01 8.472845e-01 -1.315072e+00 -7.983557e-01 -2.900599e-03 2.422016e-04 6.420900e-03 
1.010725e+00 1.369345e-01 7.973833e-01 -1.314268e+00 -7.917204e-01 -3.413739e-03 5.680164e-04 9.028742e-03 
1.034073e+00 1.972211e-01 1.016001e+00 -1.319931e+00 -8.112016e-01 -2.597124e-03 4.780434e-04 6.542153e-03 
9.609561e-01 2.100427e-01 9.915216e-01 -1.309772e+00 -8.261211e-01 -2.960139e-03 3.493597e-04 8.186146e-03 
9.681815e-01 2.092006e-01 8.967311e-01 -1.310689e+00 -8.304389e-01 -3.577806e-03 6.335620e-04 6.095252e-03 
9.998000e-01 1.466100e-01 7.961557e-01 -1.349923e+00 -8.149834e-01 -3.277047e-03 3.365238e-04 1.057232e-02 
1.046427e+00 1.120040e-01 9.180638e-01 -1.265732e+00 -7.919727e-01 -2.614757e-03 3.475911e-04 4.916209e-03 
1.051856e+00 1.477050e-01 7.567252e-01 -1.298363e+00 -8.133693e-01 -3.093963e-03 3.341757e-04 6.100710e-03 
1.043164e+00 1.578076e-01 9.133451e-01 -1.305268e+00 -7.856533e-01 -2.879538e-03 3.119842e-04 9.180545e-03 
9.841802e-01 1.764992e-01 8.545611e-01 -1.300440e+00 -8.017423e-01 -2.998987e-03 3.438060e-04 6.360506e-03 
1.033096e+00 1.399099e-01 8.109974e-01 -1.291251e+00 -7.923082e-01 -3.411264e-03 2.207281e-04 4.992152e-03 
9.956745e-01 1.674255e-01 9.212558e-01 -1.172513e+00 -8.173111e-01 -3.125792e-03 3.144024e-04 5.855171e-03 
1.008494e+00 1.709546e-01 1.106896e+00 -1.238172e+00 -8.407184e-01 -2.867785e-03 3.017603e-04 5.478746e-03 
1.043209e+00 1.882421e-01 1.216417e+00 -1.348597e+00 -8.508581e-01 -2.331277e-03 4.210945e-04 8.699889e-03 
9.387233e-01 2.215219e-01 9.609875e-01 -1.315325e+00 -8.170125e-01 -3.343684e-03 4.287298e-04 9.247902e-03 
1.032550e+00 1.733388e-01 9.701634e-01 -1.370256e+00 -8.034802e-01 -2.939907e-03 4.288681e-04 7.877752e-03 
1.020877e+00 1.977290e-01 1.096068e+00 -1.318024e+00 -8.476125e-01 -2.638749e-03 4.508629e-04 8.865621e-03 
1.055697e+00 1.487125e-01 1.061382e+00 -1.296113e+00 -8.245550e-01 -3.321766e-03 5.429676e-04 7.653334e-03 
1.004404e+00 2.004201e-01 9.493262e-01 -1.310581e+00 -8.078012e-01 -2.990451e-03 5.479226e-04 6.778702e-03 
1.031518e+00 1.857723e-01 8.948750e-01 -1.300731e+00 -7.995534e-01 -2.202798e-03 1.225140e-04 7.384008e-03 
1.024453e+00 1.696824e-01 1.098562e+00 -1.281500e+00 -8.284909e-01 -2.552013e-03 2.642082e-04 8.210151e-03 
9.222176e-01 2.227720e-01 8.485135e-01 -1.277679e+00 -7.945062e-01 -3.827988e-03 6.176364e-04 8.726041e-03 
1.012188e+00 1.647944e-01 7.048825e-01 -1.269908e+00 -7.845392e-01 -2.947976e-03 4.072994e-04 7.509546e-03 
9.872567e-01 2.011456e-01 1.021671e+00 -1.305106e+00 -8.269527e-01 -2.924680e-03 4.233545e-04 8.872367e-03 
9.410328e-01 2.218670e-01 9.923662e-01 -1.307706e+00 -8.097046e-01 -3.591997e-03 2.900821e-04 1.027046e-02 
9.961053e-01 1.826072e-01 1.192167e+00 -1.249634e+00 -8.474240e-01 -2.623661e-03 1.303391e-04 1.026610e-02 
9.874415e-01 1.574858e-01 7.585818e-01 -1.318004e+00 -8.045227e-01 -3.719170e-03 4.509143e-04 7.962963e-03 
1.042003e+00 1.412924e-01 7.993479e-01 -1.381178e+00 -7.857496e-01 -3.086553e-03 2.486252e-04 1.476700e-02 
9.978482e-01 2.073293e-01 9.440159e-01 -1.255999e+00 -8.165818e-01 -2.877883e-03 2.097033e-04 9.097682e-03 
9.718243e-01 1.785629e-01 8.112380e-01 -1.362875e+00 -8.188054e-01 -3.677124e-03 7.105176e-04 8.741973e-03 
9.644368e-01 2.013482e-01 9.937008e-01 -1.311744e+00 -7.940943e-01 -3.996020e-03 8.461344e-04 9.790314e-03 
1.154462e+00 7.662549e-02 6.405054e-01 -1.416603e+00 -7.659486e-01 -2.087717e-03 -1.312152e-05 1.025727e-02 
1.020565e+00 1.370610e-01 7.417528e-01 -1.287971e+00 -7.907019e-01 -3.152287e-03 5.141696e-04 8.686258e-03 
9.711595e-01 1.657105e-01 8.574442e-01 -1.276930e+00 -7.978200e-01 -3.486306e-03 4.152750e-04 9.616721e-03 
1.036589e+00 1.479898e-01 7.869650e-01 -1.336774e+00 -7.988539e-01 -2.949078e-03 2.123388e-04 7.999246e-03 
9.579212e-01 1.879625e-01 9.781177e-01 -1.282606e+00 -8.281155e-01 -3.927168e-03 5.558371e-04 8.637607e-03 
1.050558e+00 1.428418e-01 1.079426e+00 -1.364476e+00 -8.420805e-01 -2.853949e-03 3.521126e-04 8.742004e-03 
1.009805e+00 1.879944e-01 8.551646e-01 -1.325714e+00 -8.185339e-01 -2.581206e-03 5.144625e-04 5.377494e-03 
1.053155e+00 1.676267e-01 9.083319e-01 -1.314510e+00 -8.119144e-01 -3.195406e-03 4.160344e-04 6.943880e-03 
9.727810e-01 1.873684e-01 9.874208e-01 -1.335094e+00 -8.272557e-01 -2.774959e-03 2.107891e-04 1.021640e-02 
9.584853e-01 1.912334e-01 1.091153e+00 -1.243940e+00 -8.397586e-01 -3.356729e-03 4.397193e-04 9.633492e-03 
1.066301e+00 1.622581e-01 1.109701e+00 -1.285225e+00 -8.392367e-01 -3.140140e-03 5.429483e-04 1.017623e-02 
9.903241e-01 1.942157e-01 8.754686e-01 -1.331290e+00 -8.078774e-01 -3.438933e-03 4.530548e-04 9.956867e-03 
9.867400e-01 1.853639e-01 9.701802e-01 -1.283493e+00 -8.014620e-01 -3.563760e-03 5.790206e-04 1.066006e-02 
1.055454e+00 1.322866e-01 8.270452e-01 -1.274873e+00 -8.004095e-01 -2.579512e-03 -7.853509e-06 6.848693e-03 
1.076232e+00 1.327885e-01 1.089319e+00 -1.263717e+00 -8.391532e-01 -2.419841e-03 4.567033e-04 7.794724e-03 
1.049132e+00 1.637660e-01 1.013792e+00 -1.294595e+00 -8.079702e-01 -1.902228e-03 1.720418e-04 8.253102e-03 
9.835656e-01 1.983856e-01 9.715055e-01 -1.321528e+00 -8.128913e-01 -2.919900e-03 4.756001e-04 8.036436e-03 
9.752711e-01 2.023919e-01 1.016342e+00 -1.321913e+00 -8.269906e-01 -3.592667e-03 4.977612e-04 9.499186e-03 
1.076570e+00 1.254750e-01 1.028690e+00 -1.306454e+00 -8.072395e-01 -3.061615e-03 4.259739e-04 8.050079e-03 
9.624463e-01 2.136486e-01 1.022872e+00 -1.308714e+00 -8.164923e-01 -3.434332e-03 5.040338e-04 1.180422e-02 
1.023486e+00 1.920560e-01 7.382772e-01 -1.292772e+00 -7.890286e-01 -3.341005e-03 4.170043e-04 6.673610e-03 
1.113821e+00 1.280249e-01 1.103114e+00 -1.294822e+00 -8.396056e-01 -1.856216e-03 4.287790e-04 7.366268e-03 
1.076802e+00 1.498790e-01 9.252936e-01 -1.327523e+00 -8.062455e-01 -2.257508e-03 3.111068e-04 6.386546e-03 
1.065543e+00 1.530881e-01 7.791467e-01 -1.310215e+00 -7.923747e-01 -2.613815e-03 3.503005e-04 6.214151e-03 
1.021397e+00 1.640559e-01 9.955830e-01 -1.304479e+00 -8.121283e-01 -2.984119e-03 3.708634e-04 8.215972e-03 
9.649983e-01 1.924981e-01 8.457940e-01 -1.283322e+00 -7.766315e-01 -3.513692e-03 4.830849e-04 9.210141e-03 
1.055809e+00 1.315684e-01 1.062073e+00 -1.354167e+00 -8.024684e-01 -2.677633e-03 2.815009e-04 6.129287e-03 
9.985766e-01 1.918992e-01 9.957643e-01 -1.345763e+00 -8.051735e-01 -3.347365e-03 4.864781e-04 7.563640e-03 
1.079011e+00 1.462801e-01 8.609576e-01 -1.303130e+00 -8.070882e-01 -2.016017e-03 1.720571e-04 6.184104e-03 
1.081913e+00 1.254826e-01 1.053323e+00 -1.284289e+00 -8.289767e-01 -2.280036e-03 3.088135e-04 9.202437e-03 
1.050015e+00 1.362221e-01 8.799772e-01 -1.344223e+00 -8.146130e-01 -2.317765e-03 3.677499e-04 4.198484e-03 
1.011721e+00 1.383479e-01 9.569465e-01 -1.216573e+00 -7.710846e-01 -3.746886e-03 3.864411e-04 9.509944e-03 
1.026928e+00 1.584502e-01 9.431712e-01 -1.288367e+00 -8.056475e-01 -2.813450e-03 3.262752e-04 5.795021e-03 
1.011228e+00 1.951370e-01 9.975524e-01 -1.321905e+00 -8.228766e-01 -3.086373e-03 3.127468e-04 9.846302e-03 
1.065665e+00 1.295823e-01 9.513926e-01 -1.285606e+00 -8.285226e-01 -3.179175e-03 5.270403e-04 5.669758e-03 
1.084609e+00 1.239197e-01 1.059228e+00 -1.320317e+00 -8.246150e-01 -2.795369e-03 4.435318e-04 1.053798e-02 
1.033348e+00 1.348809e-01 8.287370e-01 -1.351613e+00 -8.193488e-01 -3.375576e-03 3.719906e-04 8.601485e-03 
9.892214e-01 1.808288e-01 9.315336e-01 -1.323936e+00 -8.036303e-01 -3.385928e-03 6.096793e-04 9.594657e-03 
1.108194e+00 1.279225e-01 1.082327e+00 -1.294636e+00 -8.470723e-01 -2.245029e-03 1.113145e-04 6.810411e-03 
1.052185e+00 1.770050e-01 9.809354e-01 -1.300511e+00 -8.085915e-01 -2.415340e-03 4.284984e-04 6.000935e-03 
9.756451e-01 2.000305e-01 9.626273e-01 -1.312141e+00 -8.087163e-01 -2.945755e-03 1.531830e-04 7.515022e-03 
1.011800e+00 1.651493e-01 1.023216e+00 -1.280160e+00 -8.196831e-01 -3.381851e-03 5.224452e-04 6.532672e-03 
1.048159e+00 1.539156e-01 1.073036e+00 -1.261216e+00 -8.099210e-01 -2.869843e-03 5.083830e-04 5.990208e-03 
1.013869e+00 1.815673e-01 9.939152e-01 -1.313980e+00 -8.130270e-01 -2.875036e-03 3.611385e-04 7.551648e-03 
1.006398e+00 1.718699e-01 1.055771e+00 -1.338141e+00 -8.225960e-01 -2.923037e-03 1.347555e-04 8.692079e-03 
1.068284e+00 1.469497e-01 1.057610e+00 -1.318933e+00 -8.366852e-01 -2.635301e-03 1.310680e-04 9.420972e-03 
1.007192e+00 1.768133e-01 1.089156e+00 -1.335006e+00 -8.382747e-01 -2.873026e-03 4.668066e-04 1.141076e-02 
1.054609e+00 1.475561e-01 7.750344e-01 -1.313110e+00 -8.050675e-01 -2.812850e-03 -5.491452e-05 6.127043e-03 
1.033295e+00 1.507340e-01 8.291519e-01 -1.304929e+00 -8.132261e-01 -3.208258e-03 3.190225e-04 7.336763e-03 
1.030878e+00 1.644167e-01 8.420757e-01 -1.414062e+00 -7.742318e-01 -3.418848e-03 3.019139e-04 8.832500e-03 
1.236710e+00 4.093687e-02 7.738575e-01 -1.316327e+00 -8.181218e-01 -1.930710e-03 8.555723e-05 5.942367e-03 
1.233870e+00 7.067484e-02 9.065968e-01 -1.404016e+00 -8.198352e-01 -2.502629e-03 1.332839e-04 8.966573e-03 
9.721061e-01 1.758282e-01 8.845991e-01 -1.306800e+00 -8.083132e-01 -3.500534e-03 3.701255e-04 1.064682e-02 
1.036703e+00 1.630726e-01 1.151803e+00 -1.297363e+00 -8.588932e-01 -3.021426e-03 3.355130e-04 1.275488e-02 
1.093963e+00 1.288119e-01 9.053829e-01 -1.328506e+00 -8.205953e-01 -2.389477e-03 1.504825e-04 7.665262e-03 
1.095365e+00 1.689712e-01 1.009059e+00 -1.367484e+00 -8.002247e-01 -1.728159e-03 7.003879e-05 8.209917e-03 
1.119115e+00 9.698006e-02 8.264157e-01 -1.268143e+00 -8.128509e-01 -2.817148e-03 2.309983e-04 7.626610e-03 
9.709482e-01 2.179351e-01 8.685448e-01 -1.309086e+00 -7.773326e-01 -2.663307e-03 2.703623e-04 4.551521e-03 
9.617653e-01 1.939963e-01 9.250058e-01 -1.317766e+00 -7.979813e-01 -3.754855e-03 2.263497e-04 6.492020e-03 
9.883564e-01 1.784700e-01 9.769985e-01 -1.366084e+00 -8.108660e-01 -3.259652e-03 2.565032e-04 1.000199e-02 
1.118085e+00 1.216418e-01 1.065090e+00 -1.327437e+00 -8.348611e-01 -2.139267e-03 1.063326e-04 4.571961e-03 
1.033318e+00 1.550866e-01 8.175056e-01 -1.308993e+00 -7.958715e-01 -3.167217e-03 2.029587e-04 9.012611e-03 
1.031683e+00 1.704337e-01 1.021470e+00 -1.328707e+00 -8.428865e-01 -2.857957e-03 4.731516e-04 8.692901e-03 
1.088975e+00 1.321666e-01 8.157996e-01 -1.394045e+00 -7.710544e-01 -2.416505e-03 6.630770e-05 9.900464e-03 
1.018811e+00 1.357649e-01 8.388668e-01 -1.270214e+00 -8.187144e-01 -3.470225e-03 1.999198e-04 7.203987e-03 
1.075271e+00 1.716138e-01 8.924944e-01 -1.322632e+00 -7.891223e-01 -2.760223e-03 4.326030e-04 6.539879e-03 
9.530183e-01 2.133929e-01 9.510697e-01 -1.304758e+00 -7.924670e-01 -2.778448e-03 1.995997e-04 4.756073e-03 
