2.929950e-01 3.999323e-02 5.072217e-01 7.928604e-02 4.649869e-01 9.000611e-02 
1.618675e-01 1.249701e-01 4.624581e-01 1.055876e-01 4.859482e-01 9.720737e-02 
4.371944e-01 7.825536e-02 5.717952e-01 8.236286e-02 5.701560e-01 7.901608e-02 
2.233125e-01 1.117784e-01 3.197253e-01 7.483417e-02 4.248369e-01 9.555121e-02 
2.995454e-01 4.114236e-02 5.722426e-01 6.111904e-02 5.156733e-01 7.626420e-02 
3.650477e-01 3.297437e-03 5.266714e-01 7.086148e-02 5.256083e-01 6.740866e-02 
4.262575e-01 6.161856e-02 4.166687e-01 9.476928e-02 5.117962e-01 8.497469e-02 
2.360507e-01 5.079939e-02 4.325846e-01 1.044901e-01 4.832440e-01 9.242700e-02 
3.504047e-01 1.365582e-01 4.226989e-01 8.915555e-02 4.763397e-01 8.588409e-02 
3.889298e-01 4.983932e-02 3.094903e-01 7.212787e-02 3.627786e-01 7.977006e-02 
2.355270e-01 4.043927e-02 4.483895e-01 6.885165e-02 5.196099e-01 6.789539e-02 
3.500992e-01 9.199987e-02 2.692479e-01 1.330695e-01 3.856139e-01 1.220608e-01 
2.078359e-01 8.662711e-02 4.655112e-01 1.045528e-01 4.641819e-01 9.913353e-02 
2.499487e-01 1.258565e-01 4.357727e-01 8.980757e-02 4.367898e-01 8.460187e-02 
3.512968e-01 2.970328e-02 4.263867e-01 7.958089e-02 5.098525e-01 8.357371e-02 
1.714257e-01 7.900235e-02 4.695541e-01 8.250183e-02 4.315442e-01 8.679693e-02 
2.743164e-01 5.392062e-02 4.977016e-01 7.274770e-02 4.591759e-01 7.805370e-02 
3.297793e-01 1.478124e-01 4.633544e-01 1.035817e-01 4.713763e-01 1.046523e-01 
2.150979e-01 7.310823e-02 5.055972e-01 7.200274e-02 4.730707e-01 8.144573e-02 
3.036590e-01 3.915975e-02 4.491075e-01 8.410340e-02 4.169798e-01 8.719194e-02 
6.144673e-02 3.031728e-02 4.394176e-01 7.669471e-02 4.163230e-01 8.111636e-02 
1.556415e-01 4.648511e-02 4.331202e-01 8.332903e-02 3.814788e-01 1.016149e-01 
2.873068e-01 4.174272e-02 5.921068e-01 8.648190e-02 5.305842e-01 8.675985e-02 
3.038530e-01 4.476395e-02 5.465379e-01 7.500722e-02 4.896154e-01 8.286605e-02 
1.843531e-01 2.936557e-02 5.273784e-01 7.679297e-02 4.776166e-01 8.536491e-02 
4.103649e-01 1.020630e-01 4.974020e-01 1.140943e-01 4.977406e-01 1.151463e-01 
3.038939e-01 3.711177e-02 5.631325e-01 7.282575e-02 5.283072e-01 7.694670e-02 
1.134277e-01 3.048925e-02 4.446030e-01 6.647476e-02 3.723279e-01 8.219598e-02 
3.235232e-01 1.545631e-02 5.078819e-01 4.025547e-02 4.598316e-01 5.439060e-02 
3.554212e-01 2.941886e-02 3.939135e-01 9.053889e-02 5.000491e-01 8.172684e-02 
1.852616e-01 6.414150e-02 5.591529e-01 6.604805e-02 5.315148e-01 7.265434e-02 
3.978339e-01 8.446377e-02 4.691397e-01 9.978578e-02 4.476300e-01 1.032587e-01 
1.813795e-01 7.351045e-02 5.000173e-01 5.905813e-02 4.400661e-01 6.045157e-02 
2.640229e-01 3.560849e-02 5.408383e-01 7.770106e-02 4.980912e-01 8.393891e-02 
3.160900e-01 2.459981e-02 4.746109e-01 5.762777e-02 4.490970e-01 7.529695e-02 
3.299917e-01 2.417835e-02 3.010486e-01 6.046194e-02 4.839892e-01 7.509914e-02 
4.652364e-01 1.174550e-01 5.215267e-01 9.287346e-02 4.616228e-01 1.068956e-01 
5.308248e-01 5.930355e-02 5.997832e-01 6.714330e-02 5.905550e-01 7.741688e-02 
2.289906e-01 8.841003e-02 2.699415e-01 6.968209e-02 4.520261e-01 8.919941e-02 
2.154024e-01 3.907375e-02 4.900714e-01 8.014696e-02 4.578407e-01 1.024189e-01 
2.177674e-01 1.002188e-01 4.190016e-01 7.827291e-02 4.155722e-01 7.520636e-02 
1.756033e-01 5.357865e-02 4.349467e-01 8.534834e-02 3.351618e-01 1.026208e-01 
2.830978e-01 4.035141e-02 5.366041e-01 7.638393e-02 4.792834e-01 8.765305e-02 
3.287925e-01 8.832031e-02 3.257526e-01 8.479616e-02 4.479616e-01 8.430116e-02 
4.084453e-01 2.524182e-02 3.176906e-01 7.096316e-02 3.845973e-01 7.797323e-02 
1.705729e-01 2.592006e-02 3.158040e-01 9.022728e-02 3.436450e-01 8.925903e-02 
2.992200e-01 9.424385e-02 3.853222e-01 1.159204e-01 3.471729e-01 1.256018e-01 
2.554307e-01 3.830432e-02 5.460111e-01 6.089338e-02 5.137356e-01 6.523017e-02 
3.499378e-01 5.068780e-02 5.378692e-01 7.158516e-02 4.941183e-01 7.489782e-02 
3.008199e-01 4.447218e-02 4.067766e-01 8.245422e-02 3.999589e-01 9.132628e-02 
3.488937e-01 5.854234e-02 4.131374e-01 9.042907e-02 3.775030e-01 9.122924e-02 
3.587636e-01 5.856567e-02 3.202522e-01 9.211137e-02 4.447812e-01 9.140533e-02 
2.866326e-01 7.652206e-02 3.763710e-01 9.969165e-02 5.272556e-01 8.542099e-02 
2.461802e-01 4.257530e-02 5.056160e-01 6.626402e-02 4.543757e-01 7.386631e-02 
3.783728e-01 1.111876e-01 4.320022e-01 1.056898e-01 4.257947e-01 1.062914e-01 
2.911990e-01 5.824451e-02 2.707051e-01 9.515414e-02 4.095544e-01 9.343163e-02 
2.938973e-01 1.254206e-01 4.869482e-01 8.112917e-02 4.511811e-01 8.320806e-02 
3.083965e-01 2.680307e-02 4.495148e-01 7.182715e-02 4.107439e-01 9.008006e-02 
1.666610e-01 4.766590e-02 5.634542e-01 8.371362e-02 4.872893e-01 9.402804e-02 
2.474497e-01 2.118157e-02 5.289897e-01 4.457556e-02 5.135716e-01 5.867922e-02 
2.237505e-01 3.254451e-02 4.705419e-01 6.630369e-02 4.563973e-01 7.562348e-02 
2.579631e-01 6.748597e-02 4.784767e-01 7.404014e-02 4.469076e-01 7.764179e-02 
2.955092e-01 4.745123e-02 4.910286e-01 7.513184e-02 4.420148e-01 8.114813e-02 
2.596523e-01 9.772777e-02 4.360540e-01 9.596259e-02 3.975343e-01 1.027056e-01 
2.647156e-01 6.585307e-03 3.499347e-01 5.765124e-02 3.879416e-01 5.260665e-02 
2.438791e-01 3.342434e-02 5.551485e-01 7.379255e-02 4.951004e-01 9.242332e-02 
2.532031e-01 6.697517e-02 4.489025e-01 1.160557e-01 4.118860e-01 1.154309e-01 
2.335719e-01 4.318574e-02 3.603222e-01 8.854127e-02 3.954125e-01 8.516140e-02 
9.332856e-02 1.624236e-01 4.287914e-01 1.006117e-01 4.256647e-01 9.882534e-02 
2.671260e-01 7.683399e-02 5.168785e-01 8.815777e-02 4.644104e-01 9.217310e-02 
1.681494e-01 5.993213e-02 5.432064e-01 6.420973e-02 4.971290e-01 7.898396e-02 
1.553408e-01 6.864792e-02 4.136388e-01 7.534654e-02 3.789931e-01 8.484772e-02 
4.048940e-01 8.180242e-02 3.740166e-01 1.148521e-01 4.222372e-01 1.120059e-01 
4.297334e-01 9.277472e-02 3.609560e-01 1.185745e-01 4.142529e-01 1.172559e-01 
3.486101e-01 1.676585e-02 3.917011e-01 5.572743e-02 4.157023e-01 6.536674e-02 
2.823176e-01 1.269298e-01 4.185526e-01 1.123444e-01 4.668827e-01 9.901587e-02 
4.162418e-01 1.042491e-02 4.016047e-01 5.536054e-02 4.959346e-01 5.298367e-02 
1.641683e-01 8.576684e-02 4.516319e-01 9.130847e-02 4.392759e-01 9.308524e-02 
3.183096e-01 5.754274e-03 5.976654e-01 6.052582e-02 5.741176e-01 6.560435e-02 
3.230135e-01 1.590026e-02 3.711890e-01 9.545414e-02 4.325894e-01 9.067126e-02 
2.529697e-01 6.044730e-02 4.617699e-01 6.825875e-02 4.193134e-01 7.984219e-02 
5.412040e-01 7.401665e-02 3.818781e-01 1.059611e-01 3.980160e-01 1.102476e-01 
8.081337e-02 1.257276e-01 3.818417e-01 1.163228e-01 4.226236e-01 9.449620e-02 
3.505045e-01 3.411965e-02 3.818534e-01 8.448721e-02 4.577838e-01 7.663349e-02 
1.078182e-01 3.068137e-02 5.099598e-01 8.348197e-02 4.317094e-01 9.930580e-02 
6.224947e-02 1.234613e-01 4.135929e-01 1.019557e-01 4.365442e-01 1.020704e-01 
1.352945e-01 5.561254e-02 5.034062e-01 6.149921e-02 4.540369e-01 6.662745e-02 
2.521974e-01 1.639956e-01 4.925646e-01 1.198070e-01 4.875518e-01 1.194076e-01 
1.902557e-01 3.458711e-02 4.765344e-01 5.351325e-02 3.968994e-01 7.526674e-02 
3.344295e-01 2.759853e-02 5.391295e-01 7.703575e-02 5.112742e-01 9.132688e-02 
1.996256e-01 6.244891e-02 2.049671e-01 8.070227e-02 4.659840e-01 8.424985e-02 
2.739721e-01 1.126379e-01 3.669712e-01 1.214857e-01 3.744208e-01 1.109406e-01 
1.956238e-01 6.406859e-02 5.473957e-01 8.654293e-02 5.063848e-01 9.183830e-02 
3.299686e-01 8.521521e-02 5.180677e-01 9.599070e-02 4.884723e-01 1.009873e-01 
2.607972e-01 1.240627e-01 4.421081e-01 9.366515e-02 4.481728e-01 8.477916e-02 
2.480988e-01 6.572030e-02 5.075271e-01 7.801088e-02 4.726020e-01 8.044327e-02 
1.857094e-01 8.057791e-02 2.392776e-01 6.323902e-02 4.846129e-01 7.063316e-02 
3.117370e-01 4.293841e-02 4.950907e-01 8.367080e-02 4.614473e-01 8.861510e-02 
3.022895e-01 5.075136e-02 5.221007e-01 8.720169e-02 4.915120e-01 1.005947e-01 
2.999700e-01 6.337994e-02 4.774060e-01 8.459513e-02 4.445207e-01 8.552562e-02 
1.192846e-01 9.155076e-02 3.073792e-01 5.458811e-02 4.971895e-01 8.280791e-02 
2.864603e-01 1.679071e-02 4.497568e-01 8.653333e-02 4.544512e-01 8.818989e-02 
3.649449e-01 4.408832e-02 3.917263e-01 8.298477e-02 4.052700e-01 8.291144e-02 
2.049270e-01 1.320599e-01 5.394783e-01 1.056872e-01 5.467623e-01 9.635208e-02 
2.418671e-01 2.838574e-02 4.328765e-01 7.684562e-02 4.802770e-01 6.973430e-02 
1.105166e-01 7.710709e-02 4.231775e-01 9.283956e-02 3.700539e-01 1.071522e-01 
1.689353e-01 2.107955e-02 4.811167e-01 7.859439e-02 4.016865e-01 9.401180e-02 
1.232827e-01 6.661737e-02 2.003454e-01 1.202359e-01 3.955624e-01 1.257739e-01 
2.773646e-01 2.298516e-02 4.834830e-01 7.574163e-02 4.410452e-01 8.416432e-02 
2.581338e-01 2.084051e-02 5.402719e-01 6.386190e-02 4.862249e-01 7.884625e-02 
5.401963e-01 5.466177e-02 3.894804e-01 9.063079e-02 4.652965e-01 8.018888e-02 
1.909383e-01 -2.596681e-03 5.143043e-01 5.992877e-02 4.475569e-01 7.320004e-02 
2.961945e-01 7.047250e-02 4.562253e-01 7.147510e-02 4.169342e-01 8.362579e-02 
3.907127e-01 6.531200e-02 4.741467e-01 1.037884e-01 4.824477e-01 9.519160e-02 
3.789441e-01 3.642392e-02 6.182125e-01 7.321961e-02 5.454477e-01 9.040251e-02 
3.062989e-01 4.566707e-02 5.444055e-01 6.099237e-02 4.908283e-01 7.293493e-02 
4.028779e-01 5.612488e-02 5.302878e-01 8.596914e-02 5.113489e-01 8.976880e-02 
2.353922e-01 4.101289e-02 3.878165e-01 7.771146e-02 3.821731e-01 8.192637e-02 
1.184846e-01 1.339330e-01 2.063310e-01 7.841246e-02 3.901835e-01 9.639159e-02 
2.747712e-01 7.151335e-02 5.550148e-01 6.133791e-02 4.966913e-01 7.809353e-02 
3.226563e-01 7.351221e-02 4.547965e-01 9.166320e-02 4.402448e-01 1.054983e-01 
2.119349e-01 3.194165e-02 5.517951e-01 7.446803e-02 4.772720e-01 8.982847e-02 
2.202200e-01 6.449599e-02 3.683925e-01 8.440560e-02 3.482949e-01 9.377737e-02 
3.515634e-01 1.237429e-01 4.422441e-01 1.061599e-01 4.736767e-01 1.014468e-01 
5.957123e-01 9.300528e-02 4.843481e-01 1.135829e-01 4.938623e-01 1.086900e-01 
2.965639e-01 4.430288e-02 4.411038e-01 7.327946e-02 4.224204e-01 7.918684e-02 
1.804341e-01 1.035075e-01 2.771374e-01 5.817705e-02 4.525813e-01 7.904001e-02 
2.014170e-01 3.529306e-02 4.927926e-01 8.274755e-02 5.441995e-01 8.074812e-02 
2.394396e-01 6.648524e-02 4.464893e-01 1.042897e-01 4.721920e-01 9.586913e-02 
1.241992e-01 3.012775e-02 5.103144e-01 7.541363e-02 4.502453e-01 8.495781e-02 
3.162585e-01 1.256658e-01 4.540815e-01 9.380642e-02 4.910529e-01 9.631847e-02 
3.003908e-01 5.339732e-02 4.927802e-01 7.925396e-02 4.662610e-01 9.000259e-02 
2.773048e-01 5.320970e-02 4.990148e-01 7.119918e-02 4.364131e-01 8.214999e-02 
1.376995e-01 3.787881e-02 4.323532e-01 7.726486e-02 3.753846e-01 8.499413e-02 
1.897845e-01 3.723207e-02 5.078391e-01 6.198852e-02 4.161614e-01 8.602181e-02 
1.781198e-01 5.443786e-02 4.230673e-01 5.746130e-02 3.889402e-01 6.941088e-02 
2.277439e-01 7.379770e-02 3.762946e-01 9.153999e-02 2.826527e-01 1.143644e-01 
1.279550e-01 5.644834e-02 4.679443e-01 7.809792e-02 4.136165e-01 9.023340e-02 
2.164499e-01 3.368259e-02 6.480032e-01 6.686927e-02 5.903079e-01 7.945134e-02 
2.766118e-01 9.252121e-02 4.157985e-01 8.226865e-02 3.789594e-01 8.932461e-02 
1.949401e-01 9.453546e-02 1.924255e-01 8.863211e-02 3.785390e-01 7.711441e-02 
2.384157e-01 1.279283e-01 4.050359e-01 1.062818e-01 4.065515e-01 1.019338e-01 
1.627638e-01 2.909900e-02 5.002541e-01 6.001317e-02 4.216859e-01 8.127703e-02 
1.961270e-01 4.330233e-02 2.343692e-01 9.208556e-02 4.399905e-01 9.332436e-02 
2.377239e-01 2.740584e-02 4.772481e-01 5.564256e-02 4.368609e-01 6.475913e-02 
2.852112e-01 1.527891e-01 3.855992e-01 1.270299e-01 4.054344e-01 1.312553e-01 
3.065873e-01 7.915911e-02 4.669209e-01 9.109587e-02 4.226527e-01 9.981235e-02 
3.408396e-01 1.574797e-02 3.289756e-01 7.383904e-02 4.594690e-01 6.374183e-02 
2.306341e-01 4.684651e-02 2.802128e-01 9.380569e-02 3.596621e-01 8.529509e-02 
7.365046e-02 5.357207e-02 4.938651e-01 9.442843e-02 4.781773e-01 1.033136e-01 
2.664976e-01 5.524392e-02 2.835061e-01 1.125691e-01 3.602198e-01 1.042342e-01 
3.023108e-01 1.534880e-01 4.227739e-01 1.445534e-01 4.375808e-01 1.403398e-01 
3.228812e-01 6.682358e-02 4.676021e-01 1.042205e-01 4.769024e-01 9.784337e-02 
3.717325e-01 2.962057e-02 5.422511e-01 8.307234e-02 4.989493e-01 8.693203e-02 
2.756836e-01 2.793727e-02 4.944906e-01 8.581036e-02 4.466827e-01 9.423582e-02 
3.679345e-01 9.597639e-03 5.185570e-01 4.996797e-02 4.756223e-01 6.359692e-02 
1.290545e-01 6.102887e-02 4.322166e-01 9.343945e-02 3.869494e-01 1.076808e-01 
2.590293e-01 -1.526252e-02 6.217385e-01 5.556487e-02 5.626732e-01 7.378283e-02 
3.133588e-01 2.872624e-02 4.942101e-01 6.028534e-02 4.369387e-01 7.956017e-02 
1.992577e-01 4.025508e-02 5.440240e-01 6.873725e-02 4.803984e-01 8.508494e-02 
3.107150e-01 7.188465e-02 2.861047e-01 1.060824e-01 4.153476e-01 9.949225e-02 
2.206584e-01 5.230287e-02 5.178673e-01 8.776125e-02 4.616001e-01 9.523360e-02 
1.186296e-01 7.777259e-02 4.856745e-01 9.286899e-02 3.979898e-01 1.080494e-01 
2.810108e-01 2.767242e-02 5.721573e-01 6.162191e-02 4.989344e-01 7.456550e-02 
3.724824e-01 4.358890e-02 4.876029e-01 9.091212e-02 4.570404e-01 9.514108e-02 
2.977841e-01 5.574742e-02 3.720608e-01 9.216078e-02 4.618085e-01 8.820463e-02 
2.389346e-01 3.588405e-02 4.522757e-01 8.074541e-02 4.171561e-01 9.045234e-02 
3.368195e-01 3.405778e-02 4.878960e-01 7.786079e-02 4.470916e-01 9.125588e-02 
1.817422e-01 5.138224e-02 5.851518e-01 7.201379e-02 5.156803e-01 8.672670e-02 
1.203355e-01 1.257499e-01 4.807399e-01 9.489344e-02 4.239894e-01 1.088149e-01 
2.316920e-01 2.040379e-02 5.135750e-01 7.919757e-02 4.764117e-01 8.894574e-02 
2.907514e-01 1.660429e-01 4.308919e-01 1.248567e-01 4.486641e-01 1.150608e-01 
3.105670e-01 6.308603e-02 5.674318e-01 6.850121e-02 5.377171e-01 7.868516e-02 
3.594074e-01 4.206694e-02 6.018569e-01 7.345749e-02 5.417498e-01 8.949888e-02 
3.809113e-01 5.878142e-02 5.259122e-01 7.680656e-02 4.666562e-01 8.708957e-02 
2.087784e-01 5.348555e-02 3.080596e-01 9.758033e-02 4.190123e-01 7.822937e-02 
2.779966e-01 5.714844e-02 4.864921e-01 9.864288e-02 4.119929e-01 1.162967e-01 
2.005126e-01 6.154847e-02 4.351204e-01 7.334985e-02 3.578503e-01 9.297341e-02 
2.042041e-01 3.477022e-02 4.935295e-01 8.075985e-02 4.553146e-01 8.857151e-02 
2.455980e-01 1.250097e-02 2.518195e-01 5.641205e-02 4.588035e-01 6.293947e-02 
3.704492e-01 1.112863e-02 5.535669e-01 4.926699e-02 5.107623e-01 6.264653e-02 
3.327794e-01 1.575918e-01 4.661535e-01 1.177366e-01 4.584204e-01 1.222301e-01 
1.180357e-01 1.018691e-02 5.142108e-01 6.543330e-02 5.053431e-01 7.827260e-02 
9.689288e-02 1.539817e-01 4.140164e-01 9.823042e-02 3.859436e-01 9.607673e-02 
4.370459e-01 3.681614e-02 4.273695e-01 8.439336e-02 4.674555e-01 7.579145e-02 
3.442752e-01 1.053262e-02 3.974588e-01 7.372262e-02 4.632507e-01 8.275584e-02 
2.926015e-01 1.912058e-02 4.280490e-01 6.061272e-02 4.099142e-01 7.178243e-02 
9.747062e-02 3.439004e-02 5.247548e-01 6.091418e-02 4.820130e-01 7.631398e-02 
9.946291e-02 8.010350e-02 4.199213e-01 7.265205e-02 4.108820e-01 8.069823e-02 
9.773746e-02 1.043124e-02 3.761864e-01 5.296323e-02 3.308791e-01 7.239779e-02 
1.933294e-01 6.167899e-02 4.488478e-01 7.765328e-02 4.017474e-01 8.383194e-02 
4.124675e-02 1.019257e-01 4.140520e-01 1.064547e-01 3.639330e-01 1.096234e-01 
1.729083e-01 4.836408e-02 3.073287e-01 1.003481e-01 3.507181e-01 9.466017e-02 
3.765626e-01 2.062700e-02 4.040785e-01 6.513971e-02 4.195197e-01 6.998704e-02 
2.729955e-01 6.696167e-02 3.412705e-01 1.070045e-01 4.385841e-01 9.349993e-02 
9.980343e-02 1.448057e-01 4.101317e-01 1.022046e-01 4.239362e-01 9.963813e-02 
3.260182e-01 1.140375e-01 4.416116e-01 9.592400e-02 4.213015e-01 9.786996e-02 
1.568244e-01 2.799139e-02 4.546623e-01 7.020581e-02 4.126213e-01 8.276455e-02 
3.745748e-01 3.014610e-02 4.902065e-01 7.374102e-02 4.263756e-01 8.532243e-02 
1.704107e-01 3.036491e-02 5.077543e-01 5.677495e-02 4.669210e-01 7.368172e-02 
2.401921e-01 3.588793e-02 2.655322e-01 9.431372e-02 4.668321e-01 1.179963e-01 
1.799637e-01 2.712428e-02 4.729726e-01 7.576447e-02 4.227196e-01 8.724970e-02 
2.199563e-01 2.660451e-02 4.807894e-01 7.061311e-02 4.120723e-01 7.901019e-02 
2.065760e-01 9.833450e-02 4.377617e-01 7.648545e-02 4.122040e-01 7.397451e-02 
1.516033e-01 2.992685e-03 5.109318e-01 7.082538e-02 4.480816e-01 8.531152e-02 
2.382147e-01 4.033576e-02 2.923880e-01 1.114793e-01 3.582356e-01 9.337195e-02 
2.310651e-01 4.009115e-02 4.506207e-01 8.895237e-02 4.216348e-01 9.139676e-02 
1.845765e-01 4.312029e-02 3.889716e-01 9.262849e-02 4.213014e-01 9.561420e-02 
3.008248e-01 5.513051e-02 4.932535e-01 8.667414e-02 4.474674e-01 9.790603e-02 
3.579353e-01 3.270655e-02 4.899507e-01 6.848661e-02 4.484759e-01 7.683233e-02 
1.684226e-01 1.314260e-01 4.203301e-01 1.153200e-01 4.550078e-01 1.071935e-01 
3.425964e-02 8.664818e-02 4.347944e-01 7.338325e-02 3.865370e-01 7.628739e-02 
2.936488e-01 4.171753e-02 2.833029e-01 9.047234e-02 4.428785e-01 8.479050e-02 
4.683845e-01 1.052364e-01 5.994717e-01 8.019934e-02 6.043673e-01 7.844331e-02 
5.968644e-01 7.862360e-02 4.799209e-01 1.049967e-01 5.088039e-01 1.048874e-01 
3.207235e-01 4.244203e-02 4.889082e-01 1.056381e-01 5.618997e-01 9.145611e-02 
3.114750e-01 1.484607e-01 4.063941e-01 1.163219e-01 4.208498e-01 1.185033e-01 
3.573194e-01 9.158138e-02 4.914634e-01 1.093164e-01 5.049579e-01 1.028147e-01 
8.535681e-02 8.265243e-03 4.517114e-01 5.654388e-02 4.006705e-01 7.259308e-02 
2.164237e-01 8.230552e-03 5.705361e-01 4.991902e-02 4.924292e-01 7.330620e-02 
3.126844e-01 1.251420e-01 4.753529e-01 9.885164e-02 4.778504e-01 9.793285e-02 
4.663886e-01 5.725547e-02 3.561645e-01 9.290782e-02 4.044187e-01 8.540125e-02 
2.525186e-01 2.893009e-02 5.375523e-01 6.026493e-02 4.989859e-01 6.924062e-02 
2.579841e-01 2.597448e-02 5.299405e-01 6.602296e-02 4.523651e-01 8.499854e-02 
2.842245e-01 5.573934e-02 4.627340e-01 8.829681e-02 4.168791e-01 9.468175e-02 
7.291030e-02 -4.741379e-03 4.574155e-01 7.039315e-02 4.199941e-01 7.538185e-02 
4.388963e-01 7.481673e-02 4.022099e-01 1.193271e-01 4.179164e-01 1.156384e-01 
2.627168e-01 3.846071e-02 4.887077e-01 8.072751e-02 4.080106e-01 9.970886e-02 
2.535191e-01 8.488287e-04 5.331170e-01 4.823495e-02 5.019050e-01 6.712697e-02 
2.614026e-01 3.816441e-02 4.603583e-01 7.669194e-02 4.036677e-01 8.553373e-02 
2.133068e-01 3.268397e-02 5.491483e-01 7.177181e-02 4.851489e-01 8.810059e-02 
2.624922e-01 1.242151e-01 4.517601e-01 1.074969e-01 4.705388e-01 9.595893e-02 
1.924957e-01 1.317653e-01 4.091884e-01 9.806107e-02 4.549737e-01 8.647449e-02 
3.173773e-01 3.820778e-02 5.016826e-01 8.204123e-02 4.398526e-01 9.662875e-02 
2.134490e-01 4.353619e-02 4.573405e-01 8.601600e-02 4.212743e-01 9.277215e-02 
3.025891e-01 2.148533e-02 3.702174e-01 8.174128e-02 5.102121e-01 7.184227e-02 
3.731241e-01 5.893399e-02 5.058743e-01 8.031090e-02 4.599854e-01 8.690291e-02 
1.718915e-01 4.720678e-02 4.543455e-01 8.689892e-02 4.074297e-01 9.848314e-02 
3.282094e-01 7.012200e-02 3.314667e-01 9.685820e-02 4.720642e-01 8.381485e-02 
1.761246e-01 3.964025e-02 3.786735e-01 9.181413e-02 3.729782e-01 1.049011e-01 
2.489140e-01 4.054790e-02 4.762871e-01 9.297989e-02 4.173674e-01 1.000561e-01 
1.891435e-01 4.077486e-02 5.092328e-01 6.762829e-02 4.489923e-01 8.446716e-02 
2.441924e-01 3.751212e-02 5.021462e-01 7.139605e-02 4.378891e-01 8.152948e-02 
3.151895e-01 5.617104e-02 3.227105e-01 9.269531e-02 4.268933e-01 7.626895e-02 
3.157682e-01 4.452258e-02 5.732812e-01 7.949515e-02 5.548836e-01 8.265457e-02 
1.838151e-01 6.052391e-02 3.548224e-01 9.982123e-02 3.736715e-01 9.481627e-02 
1.461002e-01 1.167797e-01 3.369716e-01 1.015212e-01 3.361166e-01 9.609295e-02 
9.699702e-02 1.707961e-01 3.993023e-01 1.261884e-01 4.380981e-01 1.184461e-01 
2.042388e-01 2.539956e-02 5.382961e-01 6.509204e-02 4.867871e-01 8.475124e-02 
3.745426e-01 5.395649e-02 3.210703e-01 1.032898e-01 4.410113e-01 1.041048e-01 
2.609985e-01 1.485032e-01 3.939444e-01 1.183114e-01 4.202046e-01 1.051049e-01 
2.476684e-01 5.766253e-02 3.794146e-01 9.720557e-02 4.010416e-01 9.455365e-02 
2.757526e-01 4.983294e-02 3.449577e-01 9.620761e-02 4.462886e-01 8.210572e-02 
2.505178e-01 2.726367e-02 4.874443e-01 7.238625e-02 4.363895e-01 8.150975e-02 
3.257751e-01 4.778033e-02 5.075662e-01 7.219876e-02 4.474625e-01 8.527679e-02 
2.519916e-01 4.974532e-02 3.644852e-01 8.835217e-02 4.157621e-01 8.100436e-02 
3.743383e-01 4.936807e-02 4.687480e-01 6.551122e-02 4.214232e-01 8.497201e-02 
1.902090e-01 1.291471e-01 3.829944e-01 1.050277e-01 4.023446e-01 9.677057e-02 
2.364161e-01 1.017625e-01 4.844274e-01 9.380091e-02 5.040770e-01 8.868922e-02 
2.754975e-01 4.553351e-02 5.360823e-01 7.848850e-02 4.585342e-01 8.553582e-02 
3.268884e-01 5.454175e-03 6.221850e-01 6.607815e-02 5.694249e-01 7.422520e-02 
4.109219e-01 2.607622e-02 4.012143e-01 8.060239e-02 4.608126e-01 7.511693e-02 
2.717149e-01 1.484165e-01 4.918219e-01 1.282540e-01 4.888501e-01 1.262692e-01 
1.829987e-01 1.969586e-02 5.051480e-01 6.576567e-02 4.252211e-01 7.550914e-02 
3.703570e-01 2.737917e-02 5.449210e-01 7.879920e-02 5.151800e-01 8.353804e-02 
9.604988e-02 8.506561e-02 3.848346e-01 1.178511e-01 3.706890e-01 1.150605e-01 
2.859152e-01 9.979417e-02 2.815561e-01 9.313386e-02 5.092607e-01 8.111741e-02 
6.024649e-01 6.079800e-02 4.613145e-01 1.027717e-01 4.806281e-01 9.123800e-02 
2.280833e-01 5.296600e-02 4.359342e-01 6.398099e-02 3.870465e-01 7.692776e-02 
2.121685e-01 5.592145e-02 5.352689e-01 6.710517e-02 4.858018e-01 7.869286e-02 
2.610085e-01 4.653140e-02 5.433268e-01 6.948306e-02 5.162376e-01 7.660745e-02 
4.393735e-01 1.082157e-01 5.267157e-01 9.093273e-02 5.507469e-01 8.916655e-02 
8.935286e-02 1.445936e-01 4.551413e-01 1.124512e-01 4.569831e-01 1.076706e-01 
1.370088e-01 2.975437e-02 4.696960e-01 6.592797e-02 4.628929e-01 6.974706e-02 
1.379882e-01 3.287192e-02 4.904030e-01 8.493242e-02 4.468263e-01 8.900683e-02 
1.996794e-01 4.701442e-02 4.897700e-01 6.234210e-02 4.109028e-01 7.640568e-02 
1.755262e-01 5.129120e-02 4.539457e-01 7.401455e-02 4.255086e-01 8.257141e-02 
2.002149e-01 6.698182e-02 5.272764e-01 7.731613e-02 4.592919e-01 8.459537e-02 
2.555080e-01 1.613150e-02 5.857631e-01 6.428163e-02 5.102205e-01 8.204297e-02 
2.812245e-01 3.912921e-02 4.812156e-01 6.963433e-02 4.314551e-01 8.218720e-02 
2.404885e-01 5.337419e-02 3.949733e-01 7.490378e-02 3.907166e-01 8.977010e-02 
1.762574e-01 7.664433e-02 4.518139e-01 8.525006e-02 3.917099e-01 9.963067e-02 
3.077385e-01 2.996498e-02 5.288385e-01 6.468569e-02 4.805890e-01 8.013439e-02 
1.684987e-01 2.102822e-02 4.548029e-01 6.932227e-02 4.321741e-01 8.567597e-02 
2.864677e-01 2.693481e-02 4.728675e-01 6.477327e-02 4.266762e-01 8.300454e-02 
2.123913e-01 2.704910e-05 5.579298e-01 5.642562e-02 4.940265e-01 7.123966e-02 
1.911436e-01 3.468318e-02 4.561233e-01 1.037838e-01 4.239952e-01 1.080084e-01 
3.567675e-01 5.166407e-02 6.247038e-01 5.959573e-02 5.310459e-01 8.269412e-02 
2.563330e-01 1.645641e-02 4.790382e-01 7.915175e-02 4.511559e-01 8.711299e-02 
2.261839e-01 1.415787e-01 4.325039e-01 9.747125e-02 4.306654e-01 9.049115e-02 
3.069543e-01 4.225110e-02 3.155689e-01 9.365181e-02 3.700281e-01 9.073360e-02 
3.453133e-01 7.906856e-03 5.625571e-01 6.235778e-02 5.311140e-01 7.715391e-02 
2.424658e-01 5.355081e-02 4.610590e-01 7.685208e-02 4.556338e-01 8.090003e-02 
2.926990e-01 3.725685e-02 5.437613e-01 6.841547e-02 4.987659e-01 7.251362e-02 
3.175593e-01 4.971124e-02 3.482719e-01 1.039862e-01 4.279725e-01 9.066035e-02 
5.938637e-01 7.843860e-02 4.424005e-01 1.180674e-01 4.675391e-01 1.121822e-01 
2.713666e-01 3.174517e-02 3.236038e-01 9.781701e-02 4.042350e-01 9.693975e-02 
2.708176e-01 1.167505e-01 4.759273e-01 6.596769e-02 4.748797e-01 5.649371e-02 
6.013661e-02 1.406048e-01 2.516851e-01 8.408035e-02 3.946503e-01 8.145615e-02 
4.198755e-01 2.877240e-02 6.106229e-01 5.295167e-02 5.589942e-01 6.412205e-02 
3.075975e-01 1.542611e-01 4.003208e-01 9.992153e-02 4.242176e-01 1.138853e-01 
3.267841e-01 1.076809e-01 4.490505e-01 9.968367e-02 4.579718e-01 9.630823e-02 
2.660846e-01 1.109209e-01 3.995410e-01 8.929532e-02 4.145139e-01 8.567738e-02 
1.080512e-01 6.070625e-02 3.900040e-01 8.128727e-02 4.406308e-01 7.758809e-02 
2.659291e-01 1.389013e-01 4.221852e-01 1.223552e-01 4.168266e-01 1.281088e-01 
3.574541e-01 1.198413e-01 4.529067e-01 8.551171e-02 4.947507e-01 8.284756e-02 
4.047648e-01 5.426288e-02 3.355915e-01 8.359292e-02 4.283369e-01 8.730790e-02 
1.846474e-01 1.078919e-01 4.082550e-01 9.191484e-02 4.228882e-01 8.502196e-02 
2.935249e-01 9.572609e-02 4.152046e-01 9.147806e-02 3.554181e-01 9.692875e-02 
3.303176e-01 1.680602e-01 4.330093e-01 1.226254e-01 4.266184e-01 1.221903e-01 
2.135489e-01 1.201776e-01 4.110443e-01 1.126725e-01 4.370224e-01 1.061060e-01 
2.320576e-01 4.541141e-02 4.983049e-01 4.780679e-02 4.531887e-01 6.450883e-02 
1.283412e-01 1.794850e-02 4.750719e-01 6.975916e-02 4.321680e-01 8.113981e-02 
3.483132e-01 5.915889e-02 4.620520e-01 8.761819e-02 4.182601e-01 9.378634e-02 
4.266551e-01 1.049072e-01 3.653039e-01 1.261987e-01 3.996565e-01 1.244072e-01 
5.227192e-01 2.114824e-02 5.117630e-01 6.640696e-02 5.382645e-01 6.064358e-02 
2.474052e-01 2.396757e-02 5.180467e-01 7.494733e-02 4.226327e-01 9.504586e-02 
1.205316e-01 1.448826e-01 1.836946e-01 1.130508e-01 3.969871e-01 1.060665e-01 
2.685725e-01 7.072571e-02 2.863744e-01 1.193336e-01 4.599606e-01 1.111708e-01 
2.466462e-01 1.407002e-01 4.555292e-01 1.008030e-01 4.953614e-01 8.857329e-02 
2.869292e-01 6.337223e-02 2.773127e-01 9.174390e-02 3.268921e-01 7.782195e-02 
1.769383e-01 1.584012e-01 2.924148e-01 1.135409e-01 3.367624e-01 1.077934e-01 
1.892281e-01 1.111600e-01 4.292673e-01 1.040366e-01 4.663447e-01 8.985542e-02 
3.302743e-01 8.987565e-02 4.572684e-01 9.396405e-02 4.562769e-01 9.014509e-02 
3.411134e-01 7.846565e-02 3.298406e-01 9.001786e-02 4.802015e-01 8.847494e-02 
2.115926e-01 6.439284e-02 5.219196e-01 7.089518e-02 4.949293e-01 7.828039e-02 
3.008635e-01 3.689132e-02 5.235270e-01 6.286748e-02 4.839199e-01 8.123622e-02 
3.550157e-01 9.787289e-02 4.452972e-01 1.093381e-01 4.662515e-01 1.015598e-01 
3.221975e-01 7.870241e-03 5.140769e-01 8.590872e-02 4.810701e-01 9.793700e-02 
2.466803e-01 8.754264e-02 2.656739e-01 1.197504e-01 3.787442e-01 1.025935e-01 
1.056991e-01 2.575726e-02 5.602469e-01 7.056453e-02 5.003089e-01 8.143922e-02 
1.810133e-01 3.343110e-02 5.030809e-01 6.523753e-02 4.381160e-01 9.179699e-02 
1.665225e-01 5.752793e-02 4.213924e-01 7.087056e-02 4.276821e-01 8.175098e-02 
2.666556e-01 1.183171e-01 5.416968e-01 8.236657e-02 5.157650e-01 8.485709e-02 
3.635750e-01 6.003914e-02 5.987642e-01 6.139478e-02 5.716588e-01 7.631412e-02 
1.130716e-01 6.096242e-02 5.266400e-01 8.457684e-02 4.855178e-01 9.503976e-02 
3.004938e-01 4.427496e-02 3.125198e-01 8.404663e-02 4.647272e-01 1.007724e-01 
4.332803e-01 2.747151e-02 4.315219e-01 6.202711e-02 4.570367e-01 5.812868e-02 
2.967293e-01 7.324584e-02 4.303342e-01 8.890682e-02 3.768905e-01 1.042302e-01 
3.128090e-01 3.160846e-02 4.791695e-01 8.432183e-02 5.552111e-01 7.517096e-02 
2.156673e-01 1.542870e-01 4.197374e-01 1.200538e-01 4.329770e-01 1.227298e-01 
3.600932e-01 3.053857e-02 4.519684e-01 6.043222e-02 4.282790e-01 7.193280e-02 
3.263169e-01 1.105575e-01 4.431742e-01 1.063208e-01 4.536943e-01 9.631291e-02 
2.744181e-01 3.670628e-02 5.854773e-01 4.102747e-02 5.087134e-01 6.646760e-02 
2.785282e-01 1.647401e-02 4.708407e-01 6.827083e-02 4.507922e-01 7.507400e-02 
2.881393e-01 2.057923e-02 5.235174e-01 7.000431e-02 4.748874e-01 7.949544e-02 
1.174828e-01 2.509505e-02 5.157654e-01 7.467961e-02 4.337216e-01 9.163503e-02 
2.527994e-01 1.234185e-01 6.139540e-01 9.695979e-02 6.296410e-01 8.144378e-02 
2.705387e-01 2.860979e-02 5.525291e-01 7.121310e-02 4.933020e-01 8.815369e-02 
1.827560e-01 -6.006156e-03 5.072728e-01 5.286661e-02 4.808690e-01 5.954215e-02 
2.737078e-01 1.838329e-02 5.773705e-01 6.901805e-02 4.998891e-01 9.125043e-02 
3.879662e-01 2.220823e-02 3.842318e-01 6.186471e-02 4.758151e-01 5.609722e-02 
3.033581e-01 1.675212e-02 3.169846e-01 6.727376e-02 4.712331e-01 7.071870e-02 
3.011632e-01 7.018731e-02 4.808903e-01 1.008241e-01 4.387882e-01 1.027077e-01 
3.208710e-01 9.012957e-02 4.564277e-01 1.017647e-01 4.243618e-01 1.142111e-01 
4.367422e-01 1.184154e-01 3.679801e-01 1.248686e-01 3.702262e-01 1.192876e-01 
8.119166e-02 7.535216e-02 3.747859e-01 9.912390e-02 3.240524e-01 1.078135e-01 
3.468116e-01 1.961112e-02 5.450784e-01 6.296880e-02 5.104261e-01 7.585170e-02 
2.618010e-01 -1.385916e-02 5.035117e-01 5.293076e-02 4.357026e-01 7.645342e-02 
1.266378e-01 5.620665e-02 5.478152e-01 7.961425e-02 4.825951e-01 9.357597e-02 
2.565567e-01 9.689898e-02 4.113507e-01 7.867342e-02 4.347369e-01 8.258910e-02 
3.843119e-01 3.016126e-02 4.309529e-01 7.830331e-02 4.769246e-01 6.959867e-02 
3.003690e-01 4.656536e-02 4.352556e-01 6.729725e-02 4.132449e-01 8.630362e-02 
5.773506e-01 3.914179e-02 5.746050e-01 8.810323e-02 5.734675e-01 9.109600e-02 
1.883607e-01 5.207167e-02 4.365291e-01 6.715219e-02 3.822012e-01 7.276354e-02 
2.967497e-01 4.175169e-02 4.070262e-01 8.152685e-02 4.527792e-01 7.447987e-02 
4.855018e-01 6.092697e-02 3.361374e-01 9.067399e-02 3.974864e-01 9.837629e-02 
2.947054e-01 1.573185e-02 4.819298e-01 5.791430e-02 4.383724e-01 6.322772e-02 
2.607817e-01 1.732570e-02 3.118488e-01 8.385894e-02 4.520349e-01 7.030797e-02 
2.835543e-01 1.047941e-01 3.693129e-01 7.366865e-02 4.444195e-01 7.330919e-02 
2.016533e-01 3.666959e-02 4.536668e-01 7.287594e-02 4.103850e-01 7.490532e-02 
2.939560e-01 1.307712e-01 3.886504e-01 1.133087e-01 4.028622e-01 1.111318e-01 
2.055258e-01 1.368934e-01 3.333163e-01 8.736501e-02 4.234791e-01 9.206867e-02 
2.623994e-01 3.440570e-02 2.361705e-01 1.128551e-01 4.552371e-01 1.021834e-01 
2.709888e-01 9.072285e-02 4.903580e-01 1.076251e-01 4.616856e-01 1.116715e-01 
1.996518e-01 5.193533e-02 4.864537e-01 8.203545e-02 4.349361e-01 8.882854e-02 
2.977661e-01 3.899686e-02 2.629156e-01 7.231523e-02 4.072317e-01 7.458601e-02 
3.938709e-01 9.570129e-03 6.007308e-01 5.256353e-02 5.758900e-01 7.115439e-02 
2.966627e-01 1.816915e-02 5.308976e-01 7.192784e-02 5.027789e-01 7.539608e-02 
2.906904e-01 1.105462e-01 3.574845e-01 8.140136e-02 4.921181e-01 9.564014e-02 
1.951273e-02 1.451329e-01 4.483657e-01 1.002898e-01 4.263106e-01 9.545307e-02 
2.863489e-01 2.797981e-02 5.778361e-01 7.330273e-02 5.558820e-01 7.892396e-02 
2.404182e-01 1.285373e-01 4.222504e-01 1.058505e-01 4.265068e-01 1.044986e-01 
2.474179e-01 1.243371e-02 4.873941e-01 6.003912e-02 4.601201e-01 6.006519e-02 
2.263978e-01 1.163068e-01 5.771449e-01 9.094261e-02 5.628080e-01 8.994634e-02 
1.906197e-01 3.728202e-02 2.815287e-01 6.040996e-02 4.983750e-01 8.386145e-02 
2.839767e-01 7.482547e-02 2.906603e-01 9.177551e-02 4.163831e-01 8.924435e-02 
2.536014e-01 3.178361e-02 5.313596e-01 4.244389e-02 4.564140e-01 6.001447e-02 
3.294848e-01 1.281772e-02 3.830324e-01 7.424170e-02 4.668266e-01 7.740858e-02 
4.355509e-01 4.332330e-02 5.247331e-01 7.992585e-02 4.486284e-01 9.275037e-02 
3.375089e-01 4.742081e-02 2.770781e-01 1.044940e-01 4.438271e-01 1.072118e-01 
3.421096e-01 2.454012e-02 5.939946e-01 5.974276e-02 5.598046e-01 6.468427e-02 
2.285943e-01 4.598880e-02 4.482763e-01 8.114751e-02 4.091230e-01 9.398270e-02 
3.667081e-01 1.262626e-01 4.280344e-01 1.003037e-01 4.422139e-01 9.205292e-02 
3.207748e-01 4.962984e-02 2.976402e-01 1.016647e-01 4.158335e-01 9.208690e-02 
2.380728e-01 3.421283e-02 3.733570e-01 1.002206e-01 4.480256e-01 9.439715e-02 
2.045090e-01 9.725617e-02 4.524646e-01 8.483762e-02 4.055105e-01 9.538163e-02 
2.610094e-01 1.642210e-01 4.301523e-01 1.124682e-01 4.139382e-01 1.120653e-01 
1.714686e-01 2.746547e-02 5.674183e-01 7.310179e-02 5.316977e-01 7.841833e-02 
2.288121e-01 5.659945e-02 3.181887e-01 1.041844e-01 3.648093e-01 9.290482e-02 
2.405798e-01 3.026567e-02 5.093337e-01 7.209505e-02 4.729094e-01 7.765024e-02 
2.971948e-01 1.296166e-01 4.825255e-01 1.248286e-01 4.822093e-01 1.208341e-01 
2.041611e-01 1.221599e-01 2.989966e-01 8.734237e-02 3.929294e-01 8.174856e-02 
1.055719e-01 7.721565e-02 4.694327e-01 9.201288e-02 4.092190e-01 9.876172e-02 
5.277775e-02 7.289550e-02 4.670458e-01 8.311292e-02 4.485299e-01 9.854586e-02 
2.930990e-01 6.247069e-02 4.714947e-01 8.225809e-02 4.465537e-01 8.623088e-02 
3.216448e-01 1.221389e-02 3.945636e-01 6.247061e-02 5.464681e-01 8.339478e-02 
3.250368e-01 3.658706e-02 2.738771e-01 7.141006e-02 4.932022e-01 8.720451e-02 
3.715090e-01 5.906807e-02 3.243028e-01 8.316246e-02 4.794748e-01 7.945360e-02 
2.100993e-01 1.048439e-01 5.020899e-01 9.278020e-02 4.650271e-01 1.051208e-01 
1.784258e-01 6.796289e-02 5.091952e-01 7.144039e-02 4.566227e-01 7.854558e-02 
1.421528e-01 1.041839e-01 2.939947e-01 4.258644e-02 4.704643e-01 7.090941e-02 
2.618716e-01 1.891477e-02 3.634086e-01 9.977355e-02 4.426271e-01 9.808974e-02 
3.152795e-01 3.334231e-02 4.443471e-01 7.800057e-02 3.794694e-01 9.000300e-02 
2.233011e-01 4.794175e-02 5.572289e-01 6.047755e-02 5.013725e-01 7.611618e-02 
2.200812e-01 7.601592e-02 4.698629e-01 8.954252e-02 4.295682e-01 9.897471e-02 
1.652573e-01 6.797389e-02 4.960189e-01 1.032321e-01 4.477403e-01 1.129005e-01 
2.055544e-01 1.191931e-02 5.071585e-01 6.736129e-02 4.447866e-01 8.505996e-02 
3.624023e-01 9.751205e-03 5.156952e-01 4.598100e-02 4.718600e-01 7.266477e-02 
1.707201e-01 2.435957e-02 4.804408e-01 6.914546e-02 4.038371e-01 8.267168e-02 
2.557194e-01 1.343736e-01 3.451694e-01 9.756945e-02 4.204559e-01 9.388604e-02 
2.268123e-01 2.603196e-02 5.752347e-01 5.603513e-02 4.957139e-01 8.505550e-02 
2.309716e-01 1.057147e-01 4.394912e-01 9.838902e-02 4.404628e-01 9.160098e-02 
3.152636e-01 8.991451e-02 5.091837e-01 9.119523e-02 4.525230e-01 1.000477e-01 
3.388278e-01 6.728217e-02 4.526175e-01 7.900517e-02 4.218049e-01 8.434722e-02 
2.934813e-01 3.239350e-02 4.015450e-01 6.373297e-02 3.685304e-01 6.965170e-02 
2.625189e-01 6.066609e-02 4.851620e-01 8.209469e-02 4.597846e-01 9.984166e-02 
2.543289e-01 1.210094e-01 3.517330e-01 8.311186e-02 4.939900e-01 1.046325e-01 
2.360607e-01 4.040711e-02 5.499281e-01 7.757342e-02 4.645322e-01 8.616320e-02 
2.708151e-01 7.426807e-02 2.334766e-01 1.184722e-01 4.174349e-01 1.072333e-01 
2.873086e-01 9.524109e-02 3.613217e-01 1.204858e-01 4.091052e-01 1.111765e-01 
3.015259e-01 7.451779e-02 2.617507e-01 9.517572e-02 4.285781e-01 9.751789e-02 
2.841280e-01 9.848671e-02 5.093239e-01 7.750920e-02 5.267943e-01 7.055951e-02 
8.247717e-02 1.261619e-01 2.320889e-01 6.584563e-02 4.360834e-01 8.337376e-02 
2.982913e-01 3.385966e-02 5.212351e-01 9.400161e-02 4.837594e-01 9.958643e-02 
2.434830e-01 7.010272e-02 4.588953e-01 7.523870e-02 4.449104e-01 7.237240e-02 
2.715578e-01 2.158442e-02 3.020732e-01 9.429860e-02 3.757057e-01 8.514858e-02 
4.947598e-01 6.313848e-02 4.926608e-01 9.096759e-02 4.890019e-01 8.768083e-02 
2.247694e-01 1.234494e-01 2.676977e-01 9.904799e-02 4.582919e-01 9.343214e-02 
2.552116e-01 1.483535e-01 3.388888e-01 1.193900e-01 3.680684e-01 1.252075e-01 
2.949721e-01 2.909022e-02 5.435930e-01 7.320164e-02 3.920603e-01 1.109517e-01 
2.686117e-01 5.740316e-02 2.892551e-01 7.387135e-02 4.616160e-01 9.214769e-02 
1.880453e-01 8.242730e-02 5.271986e-01 1.032604e-01 5.044911e-01 1.046145e-01 
4.022772e-01 7.584762e-02 4.369098e-01 6.451951e-02 5.413056e-01 7.243558e-02 
2.587386e-01 1.183750e-01 4.531025e-01 8.566373e-02 4.526405e-01 7.864380e-02 
3.031726e-01 4.916604e-02 3.052252e-01 9.392854e-02 3.797254e-01 8.667288e-02 
5.121648e-01 9.336060e-02 4.329051e-01 1.128869e-01 4.349702e-01 1.092055e-01 
2.764109e-01 6.653331e-02 5.054332e-01 9.186498e-02 4.527013e-01 9.897851e-02 
3.594542e-01 9.723539e-02 3.018578e-01 1.343142e-01 4.203868e-01 1.334837e-01 
2.333966e-01 1.114935e-01 3.899599e-01 6.529282e-02 4.853709e-01 8.689196e-02 
3.898470e-01 1.058441e-01 4.593896e-01 1.096439e-01 4.879005e-01 1.033622e-01 
1.991884e-01 6.478168e-02 3.091351e-01 1.130998e-01 3.938394e-01 9.689302e-02 
2.086142e-01 3.905984e-02 3.507701e-01 1.066574e-01 4.476706e-01 9.210177e-02 
2.227834e-01 4.695936e-02 5.066104e-01 6.934523e-02 4.397663e-01 8.524300e-02 
1.346856e-01 1.331884e-01 4.079470e-01 9.773267e-02 3.837808e-01 9.493377e-02 
2.991899e-01 2.408983e-02 3.129019e-01 8.572766e-02 4.223154e-01 7.706222e-02 
1.338955e-01 1.309382e-01 4.216147e-01 1.139538e-01 4.093383e-01 1.112144e-01 
2.507371e-01 3.686184e-02 4.438733e-01 9.896434e-02 3.905085e-01 1.120154e-01 
1.492851e-01 1.232055e-01 3.927521e-01 9.439196e-02 3.837624e-01 9.815452e-02 
4.218765e-01 7.507842e-02 5.465841e-01 9.291973e-02 5.008475e-01 1.045598e-01 
8.909322e-02 -3.871024e-03 3.820408e-01 6.622275e-02 4.678274e-01 7.581975e-02 
2.263235e-01 3.777684e-02 4.958302e-01 9.492313e-02 4.480018e-01 9.522623e-02 
2.272542e-01 3.199099e-02 5.285032e-01 7.037293e-02 4.852338e-01 7.268840e-02 
1.299349e-01 1.464619e-01 4.074706e-01 1.288690e-01 4.383157e-01 1.286824e-01 
3.196768e-01 5.666142e-02 3.687492e-01 8.187152e-02 4.029629e-01 7.844499e-02 
2.763576e-01 7.761056e-02 5.880491e-01 8.218793e-02 5.456980e-01 9.191449e-02 
6.431928e-01 8.590805e-02 7.212447e-01 5.675930e-02 7.041752e-01 6.420413e-02 
2.155309e-01 6.309968e-02 4.332898e-01 7.762181e-02 4.016532e-01 8.513113e-02 
1.752207e-01 2.134548e-02 3.847384e-01 4.474056e-02 3.661345e-01 6.023172e-02 
2.105810e-01 2.555485e-02 4.814247e-01 6.859237e-02 4.106906e-01 8.801717e-02 
2.461189e-01 3.444526e-02 4.930435e-01 7.929640e-02 4.351641e-01 8.418950e-02 
2.527040e-01 2.328445e-02 5.292807e-01 5.631281e-02 4.743649e-01 7.433721e-02 
2.608791e-01 1.321462e-01 3.516118e-01 1.053908e-01 4.693264e-01 1.135678e-01 
5.986306e-02 5.149370e-02 4.176517e-01 7.086362e-02 3.878304e-01 8.853642e-02 
4.588788e-01 9.143271e-02 4.230591e-01 1.016804e-01 4.599419e-01 8.560862e-02 
1.511170e-01 1.709875e-01 3.964743e-01 6.414810e-02 4.792073e-01 7.363676e-02 
2.395217e-01 9.334467e-02 4.733257e-01 9.737537e-02 4.866137e-01 8.935833e-02 
3.359059e-01 4.379906e-02 3.141167e-01 7.173694e-02 4.978890e-01 8.485823e-02 
2.080037e-01 1.329377e-01 3.084658e-01 1.014018e-01 3.788764e-01 9.965418e-02 
3.271820e-01 3.099244e-02 5.550299e-01 5.883917e-02 4.809564e-01 7.209819e-02 
3.219685e-01 6.082767e-02 4.653185e-01 7.747468e-02 4.041869e-01 9.158043e-02 
3.499555e-01 4.315697e-02 5.099850e-01 5.925202e-02 4.260514e-01 7.331769e-02 
2.486637e-01 5.183812e-02 5.670564e-01 6.982964e-02 5.169567e-01 8.273283e-02 
3.378544e-01 1.078522e-02 5.710213e-01 6.609094e-02 4.997676e-01 7.917747e-02 
1.189936e-01 4.594475e-02 4.914470e-01 8.384812e-02 4.351271e-01 9.674296e-02 
2.929868e-01 8.834113e-02 4.728977e-01 1.012541e-01 4.462086e-01 9.858278e-02 
2.869672e-01 5.584068e-02 2.528198e-01 8.758279e-02 4.360358e-01 8.183173e-02 
3.018812e-01 7.460880e-02 5.475669e-01 8.116684e-02 5.100804e-01 8.454874e-02 
1.762096e-01 9.372110e-02 4.708884e-01 1.111764e-01 4.838563e-01 1.051453e-01 
3.369434e-01 7.155803e-02 4.967390e-01 8.433282e-02 4.398349e-01 9.806723e-02 
2.510437e-01 8.058076e-02 4.191377e-01 8.078132e-02 3.984161e-01 9.068810e-02 
2.828933e-01 9.637613e-02 3.350810e-01 8.414301e-02 4.665815e-01 8.739013e-02 
3.744369e-02 1.587325e-01 4.538476e-01 1.159132e-01 4.499878e-01 1.112655e-01 
2.473769e-01 1.042778e-01 2.968535e-01 7.142945e-02 4.946484e-01 7.976914e-02 
2.785233e-01 1.277776e-01 4.357231e-01 1.015552e-01 4.552671e-01 9.490150e-02 
2.071666e-01 2.404293e-02 6.140790e-01 5.982187e-02 5.672225e-01 7.014225e-02 
1.926904e-01 4.007098e-02 4.935382e-01 7.314411e-02 4.394430e-01 8.363389e-02 
2.231491e-01 2.506609e-02 4.711190e-01 6.732505e-02 4.411232e-01 8.640867e-02 
3.991191e-01 5.808144e-02 5.106378e-01 8.162267e-02 4.126543e-01 1.044127e-01 
3.237331e-01 8.410826e-02 5.579828e-01 7.471208e-02 4.830611e-01 9.419461e-02 
